0.520839	-0.0172387	-0.00314802	-0.0239966	0.121571	-0.0347279	0.0875508	-0.0303703	0.0871693	0.0337463	0.000785008	0.0371499	0.00147565	-0.0162023	0.0627576	-0.0182236	0.0529436	0.0142639	-0.0386089	0.00593725	0.0837713	-0.00378666	-0.0451031	-0.0412202	0.0235314	0.0404745	0.101395	0.0657247	-0.0404809	0.0779793	-0.0369642	-0.00411906	-0.101767	-0.00376597	0.020742	0.0877177	0.0238012	0.0544773	-0.00419571	-0.00188117	0.0077806	0.0321788	-0.0583423	-0.0461103	0.0820797	0.0282255	0.0833038	-0.137431	0.103206	-0.0485027	-0.0578723	-0.0997898	-0.0978508	0.0522807	-0.0506195	-0.128593	0.0712502	0.00894991	0.178524	0.112944	-0.0393678	0.0666158	-0.0669371	0.0380152	-0.00817482	0.0184932	-0.0965409	-0.10026	-0.0939825	0.0351275	-0.0336901	-0.00383707	-0.0915619	0.0670405	-0.00361974	-0.0565048	0.0116175	0.0293662	0.026483	0.082026	-0.0277657	-0.0622775	0.0120353	-0.043001	-0.054955	0.0427897	0.0315779	0.0727877	-0.0784724	-0.0315235	-0.0162958	-0.0735847	0.0414909	-0.0158006	-0.0277976	-0.0155068	0.00995426	-0.0140013	0.00998289	0.044016	-0.0644206	-0.0434072	-0.0407307	0.0311294	-0.0475267	-0.0380676	0.0568959	0.13419	-0.0169973	0.00979295	0.0367426	0.119287	-0.0236945	0.0523862	0.00455397	0.0979521	-0.0864866	-0.11211	-0.088298	0.169569	-0.0196173	-0.11053	0.0204519	-0.024225	0.0177155	-0.05784	0.0367118	0.0217803	-0.0166657	-0.00736554	-0.0267778	-0.062145	0.0014735	0.0759114	-0.0471691	0.00318623	-0.0585973	-0.0406971	-0.0765477	0.0433982	0.0950747	-0.114534	0.103267	-0.0468532	-0.0689932	-0.100051	0.0392351	0.0947526	-0.0351403	-0.0610155	0.017438	-0.0953771	0.102274	0.115514	-0.0761434	0.0288214	-0.102719	-0.0217627	0.0313519	-0.116829	0.112935	-0.000179447	-0.0410409	-0.0356073	0.119568	0.0232203	-0.0322859	0.0239585	-0.0910702	-0.0490606	-0.00266763	0.0597253	-0.00339958	-0.00762287	0.0375147	-0.0865629	0.104805	0.117398	-0.0330557	-0.197621	-0.0950658	0.0917946	-0.045805	-0.0153237	0.0691132	-0.12562	-0.0315413	-0.0632889	0.0138129	0.0608322	-0.251246	0.071015	-0.0577214	-0.148263	0.113284	0.0909036	0.107061	-0.0337699	-0.11324	-0.00670576	
-0.0172387	0.358913	-0.0109218	-0.00132831	0.0638236	-0.043073	0.0373	-0.024447	-0.0504707	0.104967	0.0849679	-0.0201682	0.0550732	-0.0594112	-0.0406404	-0.0472972	0.0338075	0.00419262	0.032612	0.0140937	-0.0638891	-0.00583923	-0.0769937	-0.063984	0.0154476	0.0765936	-0.0881083	0.0202348	-0.026151	0.0146956	-0.0418843	-0.0268583	0.0626307	0.0866847	-0.0256078	0.0632807	0.0698314	-0.0463967	-0.0384888	0.0623106	-0.021157	0.0506944	0.0693442	0.0104657	0.177591	0.0156214	-0.0219527	0.0088574	0.0696884	0.0688733	-0.0974846	-0.0750461	-0.0235836	-0.130192	0.0575788	0.0830214	-0.000840656	0.0615522	0.0746126	-0.0448331	0.0786698	0.0314914	-0.00643902	0.000526326	-0.00263404	0.0195175	-0.00496582	-0.0299232	0.0243277	0.0486095	-0.00630301	-0.0160097	0.0028589	-0.0822469	-0.0338293	-0.0258396	-0.0936294	0.00970198	-0.0271514	-0.0295551	0.00488366	0.00511906	-0.03072	0.0080743	-0.0945446	0.0385056	0.0184052	0.149137	0.0478917	0.0519853	0.00526226	0.0479184	0.0386804	-0.0115488	-0.0485514	0.00453934	-0.0989992	-0.00895228	0.0344232	0.0103032	-0.0727002	-0.0333677	-0.0035539	-0.0301926	0.0330239	-0.0196584	-0.0022657	0.0230733	0.183451	-0.125167	-0.0642312	-0.0232645	-0.0696598	0.00709105	0.0166414	0.0166666	0.0580709	-0.0363175	-0.000711367	-0.0323124	0.0353938	-0.00389785	-0.123509	0.0275336	-0.0179292	-0.0403493	-0.209691	0.0297832	0.00658989	-0.0639922	-0.0407619	-0.0276899	0.0290048	-0.017578	0.00147815	-0.0281374	0.0435093	-0.0984816	0.114605	-0.0332168	-0.0862784	0.00454354	0.0134259	-0.0267104	0.0832339	0.0122729	0.0184563	-0.0200508	-0.0500726	-0.132388	-0.00940631	0.00388269	-0.0218538	-0.073115	-0.0276267	-0.0240627	0.0467145	-0.0111293	0.0073887	-0.0144553	0.00409677	-0.0988503	-0.102418	0.0919439	-0.0605762	-0.00318095	0.0539778	-0.0747487	0.0430344	0.0128964	-0.0172094	0.0803306	-0.0883273	0.0741076	-0.079429	0.0298287	-0.0410057	-0.00657229	0.00450956	-0.025826	-0.100917	-0.0323288	-0.00631164	-0.0594676	-0.0247795	0.0321927	0.0703553	0.00234129	0.0179974	0.165007	-0.00858738	0.0519174	0.0843709	0.0759236	0.0326107	-0.110758	-0.0667848	0.0173417	0.213427	-0.0405802	
-0.00314802	-0.0109218	0.363319	-0.0132198	-0.0171619	-0.0995922	-0.0514789	0.00170957	-0.0897408	0.0240065	0.06504	0.0413285	0.111877	0.0721818	-0.0365892	0.0666718	-0.0653347	-0.0350964	0.0270769	-9.64416E-06	-0.0275169	0.0584369	0.0243908	-0.0170664	-0.0387504	-0.0149546	0.0557459	0.0254433	-0.0848797	-0.128506	-0.012527	0.11159	0.0716209	0.00206449	0.0431842	-0.0314879	0.0582002	0.0155577	-0.0990371	-0.00256186	-0.000475703	-0.0561698	0.0711871	0.0223384	0.0914942	-0.0299211	0.00399753	0.0920901	0.0172644	-0.0196193	0.0794326	-0.0826106	-0.0224652	0.0373655	0.105874	0.0539319	-0.000712412	0.0409535	0.0530138	-0.0585668	0.145829	0.00275358	0.0683728	-0.0116511	-0.0252415	-0.0156953	-0.0112315	-0.0361724	0.0801124	-0.026634	0.0350984	-0.0312938	0.0706798	0.000675101	0.127524	-0.00330105	-0.0697137	-0.0153918	0.0238949	-0.0473793	0.0271201	0.134535	0.0074689	-0.0358452	-0.0485155	0.0140305	-0.0475531	-0.0126722	0.0122732	0.0493106	-0.112997	0.0210332	-0.0562739	-0.0882571	-0.00466508	0.0660137	-0.00261765	-0.00757506	-0.104412	0.0548241	0.0880742	-0.0370593	0.0390585	-0.0498787	-0.0613329	0.0251806	0.0459842	-0.051827	0.0280101	-0.0578971	0.0214216	-0.0291679	0.0384138	-0.0318026	0.075577	0.0146597	-0.0634609	0.0585688	0.0927357	-0.0341181	-0.00754455	0.0431384	-0.0190697	0.0104394	-0.0133814	-0.0276919	0.0170246	-0.00285372	-0.0295122	0.107151	-0.0753127	0.0493802	-0.0689593	-0.0146009	-0.0765932	-0.0297771	-0.164653	-0.0261776	0.0174828	0.0866858	-0.0105789	-0.0226527	-0.00523768	-0.0114039	0.00736179	0.000964179	-0.0183577	0.0976182	-0.00421045	0.103031	-0.0199966	-0.0394126	-0.0160805	-0.047045	0.00532939	-0.0847585	0.0103622	0.0726349	-0.00901282	0.0335716	0.0623482	-0.166178	-0.0478204	0.0301691	-0.0244405	0.0407489	-0.0325038	-0.0460752	-0.00740232	-0.0211456	0.00753136	0.00602649	0.0114542	-0.0282826	0.0467525	-0.0114929	0.0267658	-0.0403812	-0.0142124	-0.00252506	-0.154201	-0.158413	-0.0405405	-0.0293391	0.0611255	-0.115086	0.134845	-0.0316573	-0.0844155	-0.0598184	-0.0381133	0.0543027	-0.0142236	-0.0553452	-0.0308099	0.0415421	-0.0407294	0.0392775	-0.031222	-0.0242079	
-0.0239966	-0.00132831	-0.0132198	0.240858	-0.0289622	0.0318786	0.00115042	-0.0235402	0.00806877	0.00150232	-0.0452044	-0.0116473	-0.0292947	-0.0263361	-0.0358632	0.0866093	0.0105081	-0.019507	0.00282648	0.027617	0.0501607	0.0281768	0.018012	-0.00726143	0.0220814	-0.0249726	-0.0361315	-0.0118447	-0.0485531	-0.0405614	-0.0062457	-0.0387285	-0.0421181	-0.00766951	-0.0209951	-0.0240303	0.00447177	-0.00422044	-0.0312082	-0.0674118	-0.0272944	-0.0260682	-0.0261634	-0.0414076	0.012371	0.0280687	-0.0263171	0.00910351	-0.0430762	-0.00616942	0.0418145	0.0266785	-0.0153039	-0.0235035	-0.0617371	0.0064365	-0.0463635	-0.0487682	-0.0223673	0.0248731	-0.102304	-0.0387428	0.0285603	0.026393	-0.0526665	0.0410619	0.0210523	0.0195811	0.0450978	-0.0126473	-0.03932	0.00603214	0.0221959	-0.0378183	0.0267232	-0.00348775	-0.00410184	-0.0441263	0.0181552	0.00856713	0.0050763	-0.0477428	0.0069554	0.0293875	0.0400822	-0.0847261	0.00534023	-0.0627962	0.0123724	0.0277026	0.0252885	0.0118666	-0.0246628	-0.0433705	-0.0473807	0.0245944	0.0271307	-0.0089076	0.046012	-0.0469903	-0.00535795	0.0131246	0.00665733	0.00214992	-0.00746411	0.0505928	-0.011672	0.0137287	-0.0348521	-0.0263777	-0.0410755	0.00318024	0.0376594	0.00458618	0.0145248	-0.0675789	0.0369993	-0.0206156	0.0183573	0.0284687	0.0749425	-0.0261364	0.0193117	0.0848054	-0.00753185	0.0275974	0.0173695	-0.0514791	-0.0213845	-0.044384	0.0109602	-0.00700603	-3.97533E-05	0.00577171	0.0442016	0.0378053	-0.0261781	0.0352242	0.0129613	-0.022487	0.00756567	-0.0262058	0.0526287	-0.0163924	-0.0144986	0.00150548	0.0651652	0.0369825	0.00886946	0.0227924	-0.00705563	0.0257449	0.0164779	0.0316826	0.0124581	0.0148044	0.0394784	0.0116801	-0.0394376	-0.015527	-0.0454842	0.0546071	0.0123203	-0.0313327	-0.000452829	-0.0316581	0.0295486	0.0238807	0.0342891	-0.0106334	-0.014734	-0.00919135	-0.0568288	0.0742822	0.0155882	0.0417929	-0.0816749	-0.0608837	-0.0676477	0.0785805	0.0401904	-0.0867434	0.0170445	0.0724362	0.0452418	0.0738124	-0.0969753	-0.0482135	0.0387085	-0.0886714	0.0972952	0.032606	0.0455603	0.0972222	-0.00879366	0.00743504	0.0266731	0.00444799	-0.0262769	-0.0109999	
0.121571	0.0638236	-0.0171619	-0.0289622	0.350003	-0.012149	0.0155875	-0.0644909	0.0684153	0.0543093	0.0705816	-0.0120352	0.0943685	-0.0179994	0.04037	0.0362687	0.0389195	0.10089	0.031656	0.0396637	-0.0136913	-0.0212332	-0.00663563	-0.0543212	0.0219148	0.0931038	0.0517018	0.0182121	0.0222892	0.0405534	0.0296049	-0.0717665	0.0980925	0.0113224	0.0391234	0.0769747	-0.0130268	-0.0423407	0.0336517	0.035351	0.00310918	-0.0108011	0.0492542	-0.000107067	0.12793	0.0130177	0.0868597	-0.0414824	0.11999	-0.0172395	-0.0465988	-0.09741	-0.0841657	-0.128376	0.00503205	0.0306475	0.0466942	0.0569131	0.0371367	-0.00622456	0.0454351	0.0302084	-0.0530876	-0.00708408	0.0228018	0.00194192	-0.00499957	-0.0461989	-0.0145994	0.0377267	-0.000886514	0.0508154	-0.00668919	0.0195303	-0.0226309	0.0252853	0.0169206	-0.00440131	-0.0318923	0.0862317	-0.0792674	0.0240484	-0.0255397	-0.00796235	-0.0690954	0.0536699	0.00266312	0.0643508	-0.000942405	-0.0403621	-0.0799798	-0.0290401	-0.0122687	-0.073654	-0.0208848	0.00449658	-0.0452546	-0.00209529	-0.0183766	0.0780544	0.0418039	-0.0630994	-0.0326016	-0.0640443	-0.0228677	-0.000142869	0.00665035	0.154136	0.0451488	-0.0194854	-0.0603679	0.146907	-0.0673719	-0.00122792	0.00520029	0.0229269	-0.0222561	-0.0977243	-0.108875	0.0379663	-0.0121248	-0.0314445	-0.060674	0.0024099	0.0436599	-0.059545	-0.106035	0.079444	0.0515832	0.0492965	-0.0780975	-0.0137885	0.0463547	0.00408578	-0.0110168	-0.0129075	-0.0290698	-0.0519665	0.0854301	-0.00885111	0.0522486	-0.0213956	0.0120391	-0.0127698	0.00642593	-0.113277	0.000920803	-0.0316276	-0.0409439	-0.0570566	0.00621766	-0.00357662	-0.0761853	0.00725929	-0.0404195	0.0251276	-0.00547897	-0.0120356	0.0183157	-0.118453	0.131472	-0.0699665	-0.0264291	0.0406006	0.0258527	0.0269325	-0.0711221	-0.0555667	-0.026661	0.0909626	-0.0541196	0.00422149	-0.0220682	0.014392	-0.101967	0.0196086	-0.0650735	0.032217	-0.0204652	-0.103899	-0.112906	0.0192301	0.00431826	-0.0781612	-0.0813458	-0.0772481	0.0557889	0.0128313	-0.0583085	0.120687	-0.0717761	-0.0602586	0.0401331	-0.0200498	0.0680643	-0.0672993	-0.0300214	-0.0161672	-0.0670744	-0.0347531	
-0.0347279	-0.043073	-0.0995922	0.0318786	-0.012149	0.51443	0.00947912	-0.0357509	0.0338001	-0.00920111	-0.116929	-0.0214292	-0.0438277	-0.0124853	-0.0464698	-0.0124709	-0.0522392	0.0512558	-0.0454929	-0.00163182	0.0872003	0.0374269	0.0646851	-0.0108264	0.0619535	-0.0633071	-0.0306292	-0.0342759	-0.00981167	-0.0388666	0.02232	-0.0465449	-0.0806105	-0.0669077	-0.00591647	-0.0615241	-0.112611	0.00730617	0.0916135	0.00199325	0.00951304	0.0198763	-0.0521119	-0.0713419	-0.14677	0.066967	-0.025156	0.0892179	-0.0745774	-0.100273	-0.00513458	0.113603	0.0573164	0.0800374	-0.0873818	0.0645372	0.0179224	-0.104056	-0.0880228	0.0297192	-0.136143	-0.01684	-0.0340274	-0.0186658	-0.0694791	-0.0536918	0.0230396	0.0165945	0.00903305	0.0582619	0.0325783	0.0654167	0.0339665	0.0796205	0.0515743	-0.0386831	0.0852036	-0.0236645	0.0127315	0.0264445	0.0196004	-0.0489966	0.112201	0.124685	0.0622078	0.017516	0.0128551	-0.0602821	0.128448	-0.0153937	0.0576465	-0.106621	-0.0140688	0.0585718	-0.0255927	0.0459431	0.0910613	-0.0285821	0.00142432	-0.108792	0.025117	-0.0169865	-0.00926227	0.108666	0.126133	0.0169204	-0.0990647	0.0190213	-0.0732308	0.0510723	-0.0330025	0.14184	0.0994641	0.0575878	0.0547332	-0.0527807	0.0046673	-0.0358491	-0.0556063	0.0971579	-0.0234973	0.0459364	-0.0115837	0.0583849	0.0334532	0.0169225	0.140953	-0.0414237	-0.106529	-0.0564978	0.0510538	0.0502566	-0.0337288	0.0229661	0.0715215	0.0140478	0.0563536	0.0553469	-0.0801434	0.0452058	0.0307301	-0.0956445	0.0115578	0.0450268	-0.0142394	0.0493584	-0.00766976	-0.0671776	0.0720301	0.128842	-0.0671292	0.0553889	-0.052688	-0.0437041	-0.0774642	-0.0529053	-0.00831147	-0.0277794	0.0135769	-0.0281222	-0.11161	0.27741	0.0180166	0.104325	-0.0242725	0.0256957	-0.000833925	-0.0370892	0.00252568	-0.0158734	-0.0685982	0.0230916	0.102808	-0.0760745	-0.010103	-0.121881	-0.0580797	-0.0058715	0.0934176	-0.0144007	0.115423	0.0482383	0.0542956	-0.034564	0.0302287	-0.0988126	-0.0646431	-0.00727873	-0.0994084	-0.0842498	-0.0350556	-0.120243	-0.0891743	-0.0785349	0.012295	0.0750962	-0.055502	-0.0879389	-0.179541	-0.0682271	
0.0875508	0.0373	-0.0514789	0.00115042	0.0155875	0.00947912	0.321171	-0.104079	-0.027084	-0.00491633	0.00569858	-0.0666125	-0.00926319	-0.0525287	-0.0470672	-0.060041	0.0218377	0.0454763	0.0122731	-0.0185779	0.0170221	0.0379836	-0.0444883	-0.0440687	-0.0186609	0.0648849	-0.0277351	0.0282458	-0.07886	0.0159129	0.0172233	-0.0222232	-0.0603253	0.0221115	-0.0110093	0.0423947	0.00708284	0.0118238	-0.000573295	-0.000810089	-0.0036618	0.0208561	-0.00203571	0.00668099	0.00560722	0.0216675	-0.0142681	-0.0786274	-0.0222127	0.0497585	-0.0385796	-0.0240364	-0.0119047	0.00133957	-0.0761655	-0.0424308	0.0598568	-0.0134277	0.0509688	0.0209371	-0.0807077	-0.0104811	-0.0475751	0.0346275	-0.0218487	-0.0213987	-0.0694218	0.0275611	-0.0962223	-0.0291821	-0.0354366	0.00372746	-0.0665378	-0.0179201	-0.0354884	0.0239214	-0.0119431	0.041291	-0.0297592	0.00189884	-0.0441025	-0.0544737	0.0323253	0.0356416	-0.00847114	-0.0527839	0.0752966	0.0503998	0.0830369	-0.0802893	0.086387	-0.0168953	0.0338488	0.00924972	-0.0102188	0.00136077	-0.0126962	-0.026398	0.0421468	-0.054466	-0.0686302	0.0101487	0.00937267	0.0139789	0.107133	0.0211773	-0.0943465	0.0418475	0.0614486	0.0408593	0.0191237	0.0557671	0.0460825	0.103263	-0.0160518	-0.0313996	0.0338251	-0.0838903	-0.0966356	0.0581906	0.0219783	-0.0507181	0.0370123	0.0481581	-0.0193236	-0.0329981	0.0128141	-0.0112141	-0.0374738	-0.0318893	0.0053499	-0.035694	0.025708	0.0519942	0.0764419	0.0316259	0.00610318	-0.00466264	-0.0315996	0.0188235	0.068917	-0.0638083	-0.00459457	0.0044956	-0.00223122	-0.020424	0.0151745	0.0331398	-0.0394958	-0.0367373	-0.00244304	0.119598	0.0369957	0.0341928	0.0203941	0.0138764	-0.00915775	-0.0368678	0.0379038	-0.0096472	-0.018711	0.0908385	-0.0755781	-0.0308304	0.035842	-0.0697559	0.117683	-0.00961738	-0.00858342	-0.0247575	-0.06879	-0.00791653	0.00556545	0.0478814	0.0118368	-0.0231006	-0.0188011	0.0326257	-0.0165598	-0.0772031	0.0723987	0.0457051	-0.0183325	0.0294165	0.0535133	-0.00148972	-0.0668993	-0.00695484	0.0677328	0.0448594	-0.0496381	-0.0138273	-0.0119675	-0.0779536	0.0116023	-0.0446965	0.0338515	-0.0479319	0.0129944	-0.0113464	
-0.0303703	-0.024447	0.00170957	-0.0235402	-0.0644909	-0.0357509	-0.104079	0.455597	-0.00825378	-0.054319	-0.0688446	0.0853159	-0.0513538	-0.019213	-0.00376309	-0.0959783	0.0720681	-0.114327	-0.0261335	0.0619866	-0.0281049	-0.0518163	0.0515565	0.140561	0.017403	-0.0959043	-0.0342221	0.0152473	0.116977	0.110983	-0.072215	0.0949485	-0.0562687	-0.105628	0.048065	-0.0621154	0.0745105	0.091315	-0.121973	0.0661466	-0.0427805	0.00768017	-0.0345008	-0.0171018	-0.100672	0.00951067	-0.0254921	-0.00205267	-0.102135	-0.00569331	-0.0346539	0.0858789	0.0096577	0.0830654	0.00542554	-0.0929671	-0.0583521	-0.0665565	0.0816378	-0.0553917	0.093511	0.0406786	0.0355911	-0.0277906	0.00522432	0.0847768	0.0453967	0.0557959	-0.00555926	-0.144319	-0.00738993	-0.0596012	-0.000930371	0.076726	0.0446425	-0.111099	0.0318316	0.0308739	0.126235	-0.0163739	0.0372354	-0.00275446	-0.0540124	-0.0971235	-0.0414003	-0.0346371	0.00269319	-0.0986903	-0.109085	0.0711492	0.0625506	0.00590599	-0.0850852	-0.00464593	-0.022767	-0.0797443	-0.0537122	-0.0135555	0.0589524	0.0158238	0.0645124	0.002122	-0.147108	0.0638522	-0.191171	-0.114151	0.0896841	-0.112552	-0.0179887	-0.0141994	0.0817037	-0.115211	-0.0513077	-0.210573	-0.0656231	0.139416	-0.00639221	0.06187	0.0937948	-0.0709893	-0.0079868	-0.0339682	-0.0156333	-0.0547754	-0.0334893	0.0751924	0.0733448	0.0254539	0.0400998	0.0146799	0.045491	-0.00179464	0.0055003	-0.0474156	-0.130218	-0.00820287	-0.00333085	-0.0393649	-0.101002	-0.00875781	-0.145937	0.0809603	0.0999409	-0.0221858	-0.0451718	0.0549541	-0.0952184	0.0120231	0.00682364	-0.0203696	0.0558133	-0.164357	0.0269551	-0.017803	0.0713486	0.102818	-0.084847	0.107811	0.0520013	0.0855939	0.0830825	-0.155741	0.0901362	0.0356388	-0.0257472	0.0161087	-0.166872	0.0317744	0.00148029	-0.0613011	-0.00103728	0.0107828	-0.0241506	0.0480516	0.0300322	0.0675688	0.130796	0.0292193	0.146488	0.124815	0.112787	0.0889315	0.0170169	-0.112001	-0.0488356	0.0437335	0.0436272	-0.0155948	0.0625999	-0.0141331	0.00621885	0.00212783	0.0237712	-0.00721726	0.00898622	0.124488	0.140208	0.0338869	0.00605069	-0.00918389	
0.0871693	-0.0504707	-0.0897408	0.00806877	0.0684153	0.0338001	-0.027084	-0.00825378	0.672365	-0.0004208	0.0892278	-0.0320411	-0.134116	-0.0775056	0.199513	0.0242135	0.116064	-0.18329	0.0482874	-0.0428782	0.188905	-0.0975705	-0.109071	0.0339242	-0.00341067	-0.120541	0.0411638	0.0361276	0.173547	0.0349502	-0.111809	-0.133202	-0.112893	-0.0498551	0.0128233	0.00613326	-0.0375972	-0.0306369	0.108309	0.00977529	-0.0522953	0.0554057	-0.114739	0.13542	0.0108766	-0.032043	0.0103568	0.00558444	0.151889	-0.0943532	-0.0767362	0.0598852	-0.0141903	0.013265	-0.00299544	-0.1221	0.056191	0.0315597	0.0463336	0.156466	-0.133498	0.00147289	-0.0614133	0.0107921	0.110206	-0.0870875	0.0354329	-0.0781782	-0.0105359	0.0116502	-0.109808	-0.0839485	-0.0401875	0.0495073	-0.0778443	-0.112645	0.017874	0.0667319	-0.0347508	0.0799502	-0.0502667	-0.111087	0.0505177	0.0198959	0.12074	0.0447227	0.0246769	-0.0670373	-0.0544488	-0.117742	0.0179763	-0.0757184	0.0398685	0.0674099	-0.0335311	-0.100513	0.258223	0.00285232	0.132938	0.0638696	-0.119599	0.0833324	-0.067796	-0.00194106	-0.100931	-0.053425	0.0167882	0.116377	-0.155046	0.0263378	0.0443962	0.122372	-0.0197034	0.0360879	-0.137765	0.0223481	-0.00211217	0.0702255	-0.0944017	0.0793815	-0.0571927	-0.0748604	0.09188	0.0217996	-0.00908998	0.0413962	0.0843573	-0.0461723	0.00989837	-0.0746052	0.0555576	-0.000314952	0.099435	0.00935182	-0.0793914	0.0561494	-0.0406365	0.109664	0.0572469	-0.101046	-0.0152699	-0.107281	0.0629608	0.0142444	0.0121113	-0.147934	0.125551	-0.0743342	-0.0118924	-0.0848867	0.106559	0.0909154	-0.0132705	0.0509527	-0.137918	0.0277272	0.0476241	-0.0535142	0.0247352	-0.14199	0.179293	-0.0775653	-0.000263516	-0.107167	0.109531	-0.0130454	0.0401456	0.100815	-0.0125765	-0.205295	0.0754789	0.122519	-0.10636	-0.114105	0.0420438	-0.0481512	0.113606	-0.00810533	0.046697	-0.1223	-0.0280259	0.070786	-0.0977746	0.0332901	-0.0428065	0.0901911	-0.0469581	-0.0706704	-0.0238423	-0.0907303	0.0662418	0.012484	0.0106269	-0.0417524	0.0120836	-0.0170404	0.114561	-0.199577	-0.0765968	-0.0183176	
0.0337463	0.104967	0.0240065	0.00150232	0.0543093	-0.00920111	-0.00491633	-0.054319	-0.0004208	0.397171	0.126506	-0.0660024	0.0605279	-0.0245874	-0.0425735	-0.0373998	-0.0907245	-0.00020787	-0.042193	-0.0377336	-0.0160859	-0.0453148	-0.0178291	-0.0508879	-0.00804769	0.0453742	0.0168038	0.0513276	0.00979869	-0.0557734	-0.025869	0.055321	0.0397957	0.0356918	-0.0151131	0.0775953	-0.00290417	-0.0284409	-0.0461513	0.0578939	-0.0407479	0.0792463	-0.041888	-0.0178844	0.110598	0.0274118	0.0261373	0.0649339	0.105412	-0.107229	-0.0335323	-0.0654472	-0.0528672	-0.0515906	0.0794182	0.0704988	-0.0100857	0.0600774	0.0608181	0.0146754	0.0548194	0.0170224	0.0122166	0.00701376	-0.0310335	-0.0268992	-0.00716929	-0.0360821	0.0516724	0.091156	0.0238497	0.0523185	0.0340021	-0.0603964	0.00215278	-0.0177381	-0.106707	-0.0422539	0.0273909	-0.0196285	0.0375316	0.0281191	0.0449597	0.080605	-0.0564851	0.117965	-0.0348989	0.0442279	0.00265689	0.0289625	-0.0470761	-0.0602004	-0.00651444	-0.10674	-0.0805436	-0.0460312	0.0476772	-0.0200638	-0.0560207	0.0280887	0.00386607	-0.0342159	-0.0556678	-0.0367485	-0.0400688	-0.00807512	-0.032977	0.0199198	0.0703385	-0.0897919	-0.0479281	0.0470362	0.0459647	0.0466702	0.0441009	0.0197062	0.0120462	-0.00919543	-0.0403948	0.059984	0.00426494	-0.0522659	-0.127771	0.00480574	-0.00604286	-0.00254271	-0.109802	0.0598239	-0.0926672	-0.0263941	-0.0386578	-0.0163899	-0.0355896	-0.00531583	-0.0262964	-0.0439497	-0.0181432	0.0338987	0.0999245	-0.0187173	0.0403165	-0.107387	-0.0454986	0.0385352	0.00873398	-0.0109562	0.0564348	-0.0303682	-0.00174863	-0.105822	-0.0205041	0.000533125	0.0139981	-0.0148503	-0.0991099	-0.0481174	0.0821588	0.0215331	0.0490466	-0.0559502	0.0612542	-0.0530014	-0.134368	0.0573203	0.00455739	0.0779691	0.0428222	-0.0108242	-0.101095	0.00173314	-0.0384426	0.0893879	-0.0090369	0.0297749	0.13058	-0.00932085	-0.0183407	0.00982722	-0.0132611	-0.0717696	-0.0753239	-0.117001	0.0836746	-0.044846	0.0347745	-0.0824636	0.0181865	0.0163278	-0.0339726	0.0756068	0.0228699	0.0639507	0.013267	-0.0897872	0.0745963	0.012853	-0.0156238	-0.00782616	0.0335333	-0.0600956	
0.000785008	0.0849679	0.06504	-0.0452044	0.0705816	-0.116929	0.00569858	-0.0688446	0.0892278	0.126506	0.48157	-0.0480462	0.0744917	-0.0373998	0.0359776	-0.0765864	-0.0396671	-0.0562371	0.079467	-0.0690673	-0.0135485	-0.03662	-0.0805025	-0.0483387	-0.0388941	0.0951697	0.0412883	0.0664497	0.0695776	-0.0467378	-0.0854392	0.029027	0.0846473	0.0946375	0.0142409	0.0497703	0.0377674	-0.0386367	-0.0432722	0.0409385	-0.043152	-0.019927	0.0849549	0.0807279	0.171408	-0.00106121	0.0431961	0.0256167	0.183164	-0.0146597	-0.014071	-0.125759	-0.0441078	-0.119448	0.120976	0.0634574	0.0587328	0.124495	0.0499906	-0.0573903	0.115438	-0.0348319	-0.0085699	0.000729388	0.0228757	0.0166715	-0.0177441	-0.11154	0.0457097	0.0891561	-0.0814306	0.0255605	0.00619653	-0.0452715	0.0143598	0.0385342	-0.0654431	-0.00299279	-0.0384263	-0.0257627	-0.0659303	0.0462938	-0.00319992	0.015359	-0.0176539	0.119585	-0.0901649	0.00786465	-0.0314034	-0.0940847	-0.114977	0.0484527	-0.0125263	-0.102194	-0.07655	-0.0196652	0.03727	0.0228489	-0.0489893	0.0821149	0.0410766	-0.0665278	-0.091871	-0.0860829	-0.0872602	-0.0095293	0.0328556	0.0739717	0.105953	-0.0927049	0.0409583	0.0276859	-0.025162	-0.0274321	0.0218047	0.0849061	-0.0034001	-0.0454518	-0.0815056	0.0319946	0.00964107	0.0115512	-0.0480373	-0.00253575	-0.038503	-0.0302121	-0.095865	0.0538572	0.0084838	0.0217528	-0.0476785	0.0468598	0.00710105	0.0299776	-0.0640887	-0.00264637	-0.0561798	-0.00257269	0.133158	-0.018475	0.014871	-0.0770598	-0.0380767	-0.0591978	0.0758784	-0.0274418	0.0607218	-0.012282	-0.0297826	-0.0909449	-0.0139595	0.0970934	-0.00304162	-0.0220265	-0.0568605	-0.0455804	0.0841771	0.0804172	0.0220121	-0.0810348	0.103257	-0.136806	-0.0525763	0.0550389	0.0481125	0.0224194	0.0150344	-0.0220759	-0.0206258	-0.0411406	0.00868887	-0.0262398	0.02292	0.0243024	0.00619601	0.034065	-0.0342549	-0.016468	-0.0884521	-0.0692439	-0.12843	-0.116158	-0.00220522	-0.0417722	-0.0393865	-0.0373185	0.0513439	0.0463283	-0.0614782	0.0647102	0.00975026	0.0227774	0.00447537	-0.159122	0.0391338	-0.0910661	-0.00806857	0.0517245	0.0462914	-0.059745	
0.0371499	-0.0201682	0.0413285	-0.0116473	-0.0120352	-0.0214292	-0.0666125	0.0853159	-0.0320411	-0.0660024	-0.0480462	0.354871	-0.0370238	0.0557747	0.0101285	0.059215	0.0439249	-0.118136	0.0411952	0.0962305	-0.0240604	0.0565149	0.00740336	0.0547145	-0.00411609	-0.0859139	0.0169933	0.00252157	0.0699425	0.035257	-0.0029535	-0.0290327	0.0401693	0.0217976	0.0450643	-0.0448542	0.0377059	0.0566087	0.0255484	-0.0390578	-0.0274419	-0.00257937	0.0257373	0.0528358	-0.00727445	-0.0296549	-0.0436466	0.0281822	-0.0462919	-0.0086702	-0.0374208	-0.0391212	0.0158911	-0.0210604	0.0299343	-0.0159757	-0.0537418	-0.0208114	0.0591681	-0.00455565	0.0346181	0.0541022	-0.00347369	0.0337888	0.0386618	0.0124395	-0.0287526	-0.085565	0.0366026	-0.0423735	-0.0242436	-0.0180779	-0.00298719	0.0543482	0.0960138	-0.0136323	0.0440254	-0.0393564	0.0549797	0.0434604	0.0671045	0.0284241	-0.0393837	-0.0502291	-0.0143322	-0.0293998	-0.0211961	0.0333127	-0.0734661	0.117629	-0.0520826	-0.0141438	0.00515926	0.135068	0.0172681	-0.0103866	-0.0648565	-0.067897	-0.0205147	0.0978266	0.0373138	-0.0473791	-0.00781039	0.0363294	-0.0588585	0.00500486	0.121911	-0.068199	-0.0450569	-0.0144772	0.0469311	-0.0521118	-0.122599	0.00302611	0.0131614	0.0805033	-0.066342	0.0796044	0.0086345	-0.0243834	0.00748609	0.0369449	-0.0381041	-0.0557512	-0.00738076	-0.0342571	0.0532549	0.0359256	0.00703336	0.0626257	-0.00934714	0.0564691	-0.0439907	-0.11857	-0.0360448	-0.0127615	-0.00209129	-0.0746208	0.0896002	0.042902	-0.0509595	0.0826808	0.0311904	-0.0582584	0.0275936	-0.00268464	-0.0880837	0.0989893	-0.00271443	0.0363765	0.0668382	-0.139486	0.0490016	-0.00656727	-0.00241212	-0.049013	-0.0436961	0.058369	-0.00739748	-0.00561352	-0.0193939	-0.020669	-0.0767241	0.0387106	-0.00343841	0.042206	-0.158993	-0.0507935	-0.0104559	0.00187117	0.153605	-0.076244	-0.0112497	-0.101726	-0.0261742	0.0535544	-0.044203	-0.0296541	0.013074	-0.0210613	-0.00149006	-0.00102925	-0.0677651	0.0119853	0.0216014	-0.0177805	0.0468933	-0.00914622	-0.0301435	-0.0153079	-0.0330919	0.0493383	-0.104248	-0.143191	-0.0132214	0.0579797	-0.0382745	0.00930946	0.0256185	-0.0337974	
0.00147565	0.0550732	0.111877	-0.0292947	0.0943685	-0.0438277	-0.00926319	-0.0513538	-0.134116	0.0605279	0.0744917	-0.0370238	0.447848	0.0368898	0.0272012	0.0202453	-0.100375	0.11621	0.0771281	-0.0280617	-0.0710562	-0.00558736	0.0196484	-0.0607039	-0.0591903	0.065891	-0.0377917	-0.0355976	-0.174041	-0.000456205	0.0212165	0.0210448	0.151674	0.0540346	0.0374107	0.0544789	-0.0189924	-0.0465475	-0.0303174	0.0285846	0.0518918	-0.00145129	0.109792	0.00200093	0.159687	0.0426175	0.0991022	0.00145515	0.174277	0.0867212	0.0890283	-0.154114	-0.0418888	-0.0681104	0.122355	0.171239	0.067548	0.0372058	0.00152028	-0.0797753	0.176758	0.00244569	0.0533996	-0.0159438	-0.0734556	-0.0584971	0.0338116	-0.0667472	0.109842	0.050917	0.0830354	-0.0088291	-0.0170847	0.0119326	0.0147596	0.0599354	0.0231455	0.0172095	-0.0941202	-0.0197628	-0.0434465	0.110823	-0.0103616	-0.00332462	-0.0964755	0.0595819	-0.0422981	0.100175	0.0225642	-0.00607038	-0.0670825	0.0655146	-0.0156338	-0.188825	0.0351775	0.126385	-0.0818283	0.0214849	-0.0748445	-0.00232138	0.055532	-0.119403	0.111887	-0.0938628	0.152988	0.00457306	-0.0131042	0.127519	0.106418	-0.108122	-0.0467095	0.0883124	-0.0361637	0.00144456	0.0884205	-0.00688677	-0.0827222	-0.00670459	0.00663859	-0.0176194	0.0518459	0.112889	-0.102118	0.00658504	0.0683569	-0.0978067	-0.146337	0.0607443	0.0436029	0.0573669	-0.104299	0.0585061	-0.0525855	0.0430527	0.00531339	-0.0759164	-0.00205303	-0.0692334	0.118708	0.077675	-0.0260425	-0.00944104	-0.0242642	0.0673954	0.0276299	-0.0745984	-0.0580721	-0.0112127	-0.0280881	0.0250564	-0.111423	0.0137143	-0.0806551	-0.0606417	0.0370813	-0.0731587	0.130974	0.021806	-0.018965	0.0202379	-0.0368519	-0.117105	-0.13876	0.0458844	-0.0525758	0.0584419	-0.0307187	-0.10385	-0.0290872	0.0885014	-0.137782	-0.00233513	0.0780481	-0.0339826	-0.0641539	0.0176484	-0.117024	-0.109694	0.00917409	-0.0785339	-0.217627	-0.11598	0.0911254	-0.0733406	-0.0901009	-0.17059	0.149778	0.104218	-0.134104	0.07496	-0.117852	-0.0285728	-0.0848392	-0.0156991	-0.0483923	-0.041826	-0.0767215	-0.00679484	-0.0105904	-0.102959	
-0.0162023	-0.0594112	0.0721818	-0.0263361	-0.0179994	-0.0124853	-0.0525287	-0.019213	-0.0775056	-0.0245874	-0.0373998	0.0557747	0.0368898	0.446339	0.0228328	0.0495894	-0.0892896	0.0302237	0.00613712	-0.0268773	-0.0256824	0.106714	-0.0216116	-0.085931	-0.000125576	-0.0104537	0.0182778	-0.0899953	-0.0794033	-0.102461	0.00184947	-0.0449359	0.0893439	0.0312131	0.0123061	-0.0175883	0.0421434	-0.0356242	0.0856956	-0.027952	0.113658	-0.0483746	-0.0106079	0.0807308	-0.0562536	-0.04691	0.0261163	0.0515476	0.014767	-0.0436688	0.0393241	-0.0256458	-0.0694015	-0.00535959	0.0612005	0.114935	0.0801898	0.0165959	-0.0147181	-0.024964	0.110755	0.0245728	0.0294967	-0.0261039	-0.0242908	-0.021326	0.0176497	-0.0371781	0.0530839	-0.0175595	0.0763367	-0.033339	0.0814042	0.0290217	-0.0470656	-0.0129981	-0.00576303	-0.0253823	0.0522255	-0.00243557	0.0435185	0.121991	0.0266307	0.0464217	-0.0993571	0.0488487	-0.0464978	-0.0488279	-0.0549998	0.043874	-0.0905381	-0.0571155	0.0379857	-0.062555	0.0383313	0.0580548	-0.0158343	-0.0518392	-0.164488	0.0134914	0.0830693	0.0466982	0.106752	-0.0455403	-0.0237635	0.0612077	0.079678	-0.0905691	0.020881	-0.0430199	-0.0328359	-0.102728	-0.00316821	-0.0115439	0.110403	-0.0249756	-0.0411485	0.1023	0.0868735	-0.0147215	0.0696948	0.0170322	-0.0624213	-0.0368875	0.0373065	-0.00846203	0.0340732	-0.0823308	-0.0717438	0.0507035	-0.0335475	0.0338918	-0.00283283	-0.081749	-0.0451009	-0.0335382	-0.0841639	-0.047749	0.00600696	0.106751	0.0206761	-0.0694937	-0.000374808	0.0205254	-0.0484367	0.00618205	-0.0554925	0.0518149	0.019197	0.105864	-0.101059	0.0231102	-0.0176272	-0.0448264	0.00397982	-0.0637506	-0.0482692	0.0558748	0.0119389	-0.0518341	-0.0633208	0.0508935	-0.0319418	0.00780659	0.0207749	0.137614	-0.0355594	0.0171335	-0.0210731	0.0321092	-0.0195327	0.0159164	0.0169374	-0.0719287	-0.074961	-0.00795591	0.00841912	0.0264388	-0.0660437	0.0568485	-0.124978	-0.0202632	-0.0551968	0.0384708	0.0264561	0.0741996	0.124542	-0.0470451	-0.0729136	-0.0432558	0.0210675	0.0142115	-0.0433728	-0.0643076	-0.02646	0.0276091	-0.0644117	0.085786	-0.0415013	0.000340294	
0.0627576	-0.0406404	-0.0365892	-0.0358632	0.04037	-0.0464698	-0.0470672	-0.00376309	0.199513	-0.0425735	0.0359776	0.0101285	0.0272012	0.0228328	0.451849	0.0578445	0.0645194	0.000393284	0.0917793	-0.029183	0.137346	-0.108662	-0.0188022	-0.0231026	-0.0400457	0.0084344	0.0258378	-0.0967876	0.0158096	0.123279	0.00155994	-0.137353	0.00705659	-0.0222077	-0.0401858	0.0774079	0.00986308	-0.0478493	0.130262	-0.00721619	0.0951881	0.0690288	-0.0210508	0.00342304	0.0605353	-0.000222573	0.0562618	0.0085471	0.165069	0.0713164	0.0394596	-0.138661	-0.0784155	-0.0855335	-0.00208996	-0.0721508	0.0662595	0.0694029	0.0866491	0.0658537	0.0357762	0.00837407	-0.0824133	-0.0676828	0.119796	-0.0304651	0.141225	-0.0490983	-0.0176522	-0.0537062	0.0424704	-0.146601	-0.0822847	0.0579124	-0.0709986	-0.0574807	0.1031	0.11572	-0.0479156	0.0629864	0.0263221	-0.0271455	0.0150748	-0.0904683	0.0093719	0.0501045	0.0152758	0.0938779	-0.0577116	-0.0548911	-0.0219499	-0.0502093	0.0608128	-0.056567	-0.0097394	0.0427551	0.0667878	0.0638802	0.021722	0.100265	-0.072225	-0.0100321	-0.0116697	-0.0713061	0.00890163	-0.0454387	0.0260274	0.0945028	-0.0832798	0.0164376	-0.0206503	0.0607383	-0.137807	-0.0408365	-0.0641799	0.114202	-0.0840603	0.0172507	0.0445651	0.051054	-0.0730492	-0.0145001	0.0287917	-0.0488238	0.0533243	-0.0673492	-0.033731	0.0187425	0.0154289	0.00542202	-0.00628019	0.0367722	0.0171498	0.000614913	-0.105492	-0.104797	0.0216495	-0.00651155	0.0513153	-0.0322433	-0.0665176	0.0839081	0.0817702	0.00377747	-0.0445319	-0.180962	0.0111773	0.0142681	-0.0127477	-0.0182591	-0.0323705	0.054267	-0.0124234	0.0719085	0.0335654	0.042449	0.0592477	-0.01422	-0.0346184	-0.0766643	0.122398	-0.107044	0.089908	-0.12954	0.063129	-0.0658936	-0.132456	0.0115891	0.00963945	-0.104877	0.0127789	0.0367236	-0.0296643	-0.11131	-0.165082	-0.0201223	-0.0348618	-0.0655651	-0.00434415	-0.101963	-0.0025485	0.0560414	0.0300201	0.0705239	-0.154543	0.0408346	0.11788	0.0290305	-0.0378375	0.00740836	-0.117968	-0.0290154	0.00497526	0.00535364	0.00422426	0.0309727	0.0235474	-0.195235	-0.0383479	-0.0187576	
-0.0182236	-0.0472972	0.0666718	0.0866093	0.0362687	-0.0124709	-0.060041	-0.0959783	0.0242135	-0.0373998	-0.0765864	0.059215	0.0202453	0.0495894	0.0578445	0.441248	-0.00559091	0.0244971	0.0647557	0.0770432	0.0632976	0.0576018	0.0424716	-0.088213	-0.00281591	-0.067601	0.0294344	-0.0711191	-0.096517	-0.0751472	0.0796223	-0.0965021	0.0653929	0.0315958	-0.0418573	-0.0138117	-0.0306754	-0.0541659	0.0887857	-0.110322	0.00211144	0.00960893	-0.0113453	0.0290748	0.0562194	-0.0453802	-0.0164712	0.101321	0.0236371	-0.00893533	0.143799	-0.0649032	-0.0519404	-0.073603	-0.042292	0.0914529	-0.0164558	0.0194023	-0.0636031	0.0195476	-0.0999186	0.000404481	0.00418112	-0.00651446	0.0165883	0.0569916	0.0732605	-0.0168902	0.101568	0.00448885	0.073372	-0.0522743	0.0344702	-0.000595437	0.0338963	0.0363853	0.0543168	-0.0338013	-0.0637412	0.0633639	0.0287529	0.0276654	0.0219104	-0.0544437	0.0630353	-0.0831995	-0.0275664	0.0307784	0.0252479	0.038285	-0.117717	-0.0266746	-0.00250395	-0.0272326	-0.0483688	0.0628908	0.0273978	0.0321223	-0.0621481	0.0626909	-0.0085117	0.0039902	0.0781328	-0.0268654	0.036767	0.0757588	0.0180417	0.044805	-0.0706966	-0.0346325	-0.0687411	0.063221	-0.0391418	0.0751944	0.0203413	-0.0472927	-0.0551054	0.0615682	0.0220885	0.00256279	0.0271206	0.0323243	0.0267419	-0.00437004	0.0132595	-0.0148709	-0.00507285	-0.0465215	-0.0443304	0.0610017	0.00413649	0.0543831	-0.0726961	-0.0306227	-0.00452349	-0.0103124	-0.065261	-0.044547	0.0804512	-0.0132746	0.0418681	0.0142649	-0.00546226	-0.00679173	-0.0335088	-0.0632908	0.0107639	0.0799069	0.00215651	0.0712005	-0.0395266	0.016858	-0.0956323	-0.00321332	-0.00768448	-0.0744733	0.0631849	-0.00669385	-0.0245726	0.0174959	-0.000318884	-0.00639667	0.0128744	-0.122931	-0.0154637	-0.0370302	-0.0928738	-0.0525851	0.0462374	-0.0371106	0.0408283	-0.0135538	-0.0895707	-0.0382288	-0.0492706	0.0570463	-0.109527	-0.089787	-0.0999591	0.0279238	0.020415	-0.0595984	0.0554917	0.0626716	0.00278389	0.0583539	-0.00649082	0.0283756	-0.0407806	-0.116299	0.110735	-0.0333998	-0.00405017	0.116268	-0.0759417	0.0338349	-0.107742	-0.0519431	-0.055409	-0.00965591	
0.0529436	0.0338075	-0.0653347	0.0105081	0.0389195	-0.0522392	0.0218377	0.0720681	0.116064	-0.0907245	-0.0396671	0.0439249	-0.100375	-0.0892896	0.0645194	-0.00559091	0.484855	-0.152423	0.064165	0.0959807	-0.00919368	-0.00838633	-0.082788	0.0880211	-0.0009127	0.00905432	-0.05624	-0.0176248	0.077135	0.154795	-0.0467394	-0.113576	-0.0610262	0.0140024	0.0111016	0.0311867	0.0804833	-0.00821968	0.010651	-0.0235369	-0.0600125	0.0313425	-0.0410294	0.0317348	0.0351309	-0.033166	-0.030869	-0.0636229	-0.0128055	0.150669	-0.0342723	0.0106566	-0.0496151	-0.0797831	-0.08199	-0.105907	-0.00521659	0.0391639	0.0824821	0.0639753	-0.0627611	-0.0264032	-0.0678509	-0.0052053	0.023391	0.0274616	0.0795749	0.0267747	-0.0539997	-0.135481	-0.0703613	-0.172339	-0.00221905	0.00970462	-0.0306553	-0.0598263	0.0130341	0.0834463	0.0368745	0.0551452	-0.0168204	-0.0950856	-0.0696479	-0.179765	0.0148719	-0.108734	0.118222	0.059153	-0.0134052	-0.0846957	0.0911754	-0.0298429	-0.0262793	0.0365903	0.0160086	-0.126553	-0.0453722	-0.00448264	0.121319	0.124574	-0.0488631	0.0329746	-0.0286977	0.0759945	-0.106329	-0.0478576	0.0362697	-0.00349273	-0.00771435	0.0193339	0.0432656	-0.0386325	-0.113146	-0.119843	-0.188559	0.0676512	0.065248	-0.0557144	-0.0203973	-0.0827746	0.0394687	-0.0533373	0.0357705	-0.00891443	0.00253172	0.0402713	0.0054743	0.000596525	0.0381826	-0.01452	0.0113222	-0.0503779	0.108922	-0.0169947	-0.00641992	0.0491918	0.0151077	-0.0457322	-0.00287629	-0.0576195	-0.0737109	0.0492817	0.118092	-0.0340742	0.0131527	-0.13829	0.0255451	0.0880325	-0.0771284	-0.170297	0.0814438	-0.0892116	0.0647991	0.024876	0.00941906	0.16158	-0.0645187	0.0263227	0.03687	-0.026924	0.168541	0.031241	0.0555343	-0.0295817	-0.00848178	-0.0947355	-0.0183809	0.0495277	0.0020777	-0.115033	0.106641	0.0145637	-0.0784508	0.0370711	-0.13467	0.0767143	0.116098	0.0172131	-0.0673688	0.0227199	0.0629946	0.193264	-0.120903	-0.00297791	-0.112215	0.0873234	-0.050576	0.0233132	0.142833	0.000591061	-0.0119224	0.00980026	0.0078067	0.0748077	-0.004104	0.0463504	0.156677	-0.120565	0.0263937	0.0169944	
0.0142639	0.00419262	-0.0350964	-0.019507	0.10089	0.0512558	0.0454763	-0.114327	-0.18329	-0.00020787	-0.0562371	-0.118136	0.11621	0.0302237	0.000393284	0.0244971	-0.152423	0.530036	-0.0244111	-0.0694602	-0.0116085	-0.0236535	0.0363262	-0.129954	0.00258495	0.147696	-0.0570088	-0.0476397	-0.0970592	0.00714776	0.1249	0.0192436	0.0295976	-0.0153732	-0.0181393	0.0841341	-0.0452788	-0.110026	0.0505621	0.10147	0.0754073	0.00787797	0.0470754	-0.0651465	0.0643753	0.0607478	0.0940486	-0.0159996	0.0195149	0.0266853	0.0485355	-0.0436518	0.0302892	-0.0250105	-0.0377464	0.0568634	0.0372511	-0.0958868	-0.12495	-0.0773922	0.0919194	0.0529985	-0.0112043	-0.0599498	-0.0150689	0.00946821	0.0114577	0.0629121	-0.065791	0.0593041	0.115892	0.0650684	-0.033363	0.0185875	-0.0274248	0.104804	0.0253184	5.05828E-05	-0.0488373	-0.00126057	-0.0860318	-0.0420491	0.0505513	0.0649263	-0.0852842	0.0130226	-0.0174479	0.123315	0.0462961	0.0563505	0.0152995	0.0197393	0.0108952	-0.113863	-0.00351799	0.128844	-0.101586	0.0217291	-0.0682491	0.0199764	0.0478642	-0.0673354	0.0550994	-0.0970519	0.215823	0.0266201	-0.100475	0.0779282	0.118085	0.0363981	-0.139273	0.0483425	-0.024227	0.137249	0.0841784	-0.071535	-0.0603681	-0.0936809	-0.00624279	0.047739	-0.0564869	-0.00506646	-0.0350065	0.0104663	0.071126	-0.0552351	-0.122363	0.0623112	0.0102952	0.0286195	-0.0695349	-0.00354027	-0.0333009	0.0798129	0.097567	-0.0988283	0.0608377	-0.0233156	-0.0281521	0.0390813	0.0879879	0.0290716	-0.0316972	0.043938	-0.0378053	0.0328635	-0.0350011	-0.100675	0.0354062	0.0333482	-0.107586	0.0466982	-0.0868247	-0.00882626	0.0346328	-0.0148792	-0.0182216	-0.136564	-0.0481833	0.0121828	-0.12428	-0.0247939	0.025552	0.0250943	0.0057959	0.0156484	0.0267923	-0.0139094	0.0531213	0.179451	-0.140044	-0.0960557	0.0797972	0.0974613	-0.111264	-0.0917454	-0.116992	0.00391868	-0.00220814	-0.100621	-0.0326206	-0.0348978	0.150112	-0.0627503	-0.0401426	-0.170342	0.10156	0.0529035	-0.00934002	0.0848938	-0.16449	-0.0381003	0.111141	0.0689762	0.0364715	-0.22222	-0.055977	0.0945114	-0.0696822	-0.0424891	
-0.0386089	0.032612	0.0270769	0.00282648	0.031656	-0.0454929	0.0122731	-0.0261335	0.0482874	-0.042193	0.079467	0.0411952	0.0771281	0.00613712	0.0917793	0.0647557	0.064165	-0.0244111	0.347361	0.0139265	0.0200447	0.00597827	-0.0361845	-0.0461266	-0.0315839	0.00814247	-0.0632963	-0.0279898	-0.0275894	-0.0109166	-0.0486481	-0.0968843	0.105182	0.101685	-0.00830844	0.0195693	-0.0162132	-0.0189053	-0.034099	-0.0290273	0.0290165	-0.0168112	0.0572171	0.0869888	0.0710126	0.0163514	-0.0364987	0.0510681	0.152374	0.0764691	0.103441	-0.0726302	0.0143568	-0.0607799	0.0678794	0.0955098	0.0238921	-0.0186175	-0.0212504	-0.0484554	-0.00916496	0.0416854	0.0120886	-0.0355632	0.0284914	-0.053672	0.0612248	-0.0766825	0.111003	0.0375441	-0.00473976	-0.127041	0.0105436	0.0525549	0.00726548	0.0351173	0.069609	0.00187576	-0.022076	0.00800377	-0.0171658	0.00532683	-0.00508596	-0.0574258	-0.0347643	-0.00543823	-0.0167506	0.0393326	-0.065975	0.00342623	-0.0480726	0.0208096	0.0318745	-0.00578393	0.0040656	0.0435841	0.0196646	-0.0170425	0.0307888	0.0459498	0.0793548	-0.0670395	0.00599093	-0.0443845	0.0185666	0.0788994	0.0077994	0.0528426	0.0246502	-0.0598448	-0.0449744	0.084245	-0.0686513	-0.0293144	-0.0013213	0.0577597	-0.0460255	0.102585	-0.0392226	-0.0229751	0.0308108	0.0756075	-0.0101614	0.00897694	0.0395972	-0.0609068	0.0216694	0.0271709	0.0656957	0.0397079	-0.0183214	0.0277029	-0.0192465	-0.0279012	0.0314912	0.0175514	0.00429876	-0.0242466	0.124749	0.0115315	-0.0299807	-0.0053151	-0.0219279	-0.00594492	0.079639	-0.0557027	-0.020459	-0.00882097	-0.0538351	0.00041285	0.00768802	0.0464776	-0.053238	-0.0272426	-0.0395718	0.0179105	0.103137	0.0317806	-0.00686791	-0.0164389	-0.00188005	-0.0841399	-0.0622014	-0.0209606	0.0216177	-0.0473537	-0.14261	-0.0643218	0.0305517	-0.0734134	0.0222449	-0.0278985	-0.0196502	-0.118118	-0.16582	0.116272	-0.0959242	-0.105743	-0.00934683	-0.00402182	0.0126524	-0.0707877	-0.0851757	-0.0193204	-0.0892592	-0.00692355	0.133239	0.065826	-0.0533237	-0.0486511	-0.063161	-0.040449	-0.0613135	-0.0710742	-0.103185	-0.0352844	0.0482627	-0.122644	0.0559328	-0.180872	
