0.000443831	1.66466E-05	0.000308496	4.17825E-05	4.31717E-05	-0.000184345	0.000168912	-5.0089E-05	-8.36466E-05	-1.12967E-05	0.000289885	0.000615434	-4.02259E-05	0.000124186	-0.000175398	-0.000104944	3.78594E-05	-0.000356495	0.000111406	-3.26799E-05	2.17886E-06	0.000436149	-0.000133001	0.00017292	3.62196E-05	9.98849E-05	0.000153041	0.000193385	0.000283124	-1.36253E-05	-9.56621E-05	-6.12849E-05	-0.00014453	0.000166246	0.000130157	1.51755E-05	0.00037068	0.000196836	-0.000187505	-0.000232831	-9.5807E-05	-2.75032E-05	0.000153849	0.000253962	-1.52467E-05	-8.79448E-05	2.94639E-05	-7.49263E-05	-0.000108802	0.000135451	-0.000328431	-0.000192267	-0.000169963	2.23599E-05	-1.64842E-05	-0.000169191	0.000152097	0.000125554	0.000446707	-0.000165287	4.92314E-05	0.000171395	1.54228E-05	0.000205846	-0.000142532	0.000246118	2.06313E-05	-0.000266009	0.000145223	-9.61063E-05	-0.000191864	-0.000295326	-2.82853E-05	6.20305E-05	0.000248602	-0.000100855	-0.000263216	-8.45651E-06	9.5214E-05	-2.1219E-05	0.000106852	0.000246073	-0.000220924	-0.000234291	-0.000352111	4.72664E-05	0.000113524	6.23469E-05	-9.08164E-05	-0.000109379	-0.000391165	-0.000182987	0.000156297	0.000164639	-3.77446E-05	-5.24611E-05	-0.000455127	-0.000144466	-1.91238E-05	0.000223581	0.000282949	2.63036E-05	4.20874E-05	3.90608E-05	-0.00024829	-8.72872E-05	0.000306392	5.7032E-05	8.02073E-05	-8.94837E-05	0.0003262	-0.000336309	-0.000218832	0.000125293	-7.32922E-05	0.000385026	-0.000127409	0.000266741	0.000160328	6.27572E-05	0.000155001	-3.55129E-05	-0.000183146	2.78768E-05	-0.000338589	-0.000117202	-7.73343E-05	0.000142524	-1.23496E-05	0.000208145	-0.000252042	1.78186E-05	-0.000185201	-9.12658E-05	-0.000363714	0.0002721	-0.000223201	-0.000587881	-1.3695E-05	0.000360913	0.000142203	-2.04222E-05	-1.89201E-05	-8.67623E-05	5.7155E-05	-0.000255993	-0.000139757	0.000507598	-0.000208291	-0.000164565	-9.18382E-05	-0.000310508	0.000498943	4.33759E-05	-0.000209702	-0.000172141	-0.000255539	0.000319859	-1.37177E-05	-0.000161067	-0.000204462	0.000258506	-0.000595214	0.000453839	0.000351144	0.000221226	-0.000169994	-3.23457E-05	0.000114134	-0.000109603	0.000377414	-0.000324329	0.000228205	-0.000286194	0.000529283	0.000128202	-4.25107E-05	-0.000217937	3.19869E-05	-0.000278832	-0.000246417	-2.57421E-05	-0.000466224	0.000450393	-8.44907E-05	-4.90629E-05	5.67018E-06	-0.000129912	0.000185652	8.18667E-05	-0.00038088	0.000199244	-0.000543347	-0.000955187	-0.000131639	0.000486308	0.000387453	0.000504618	0.000382536	-0.000365124	
1.66466E-05	0.00106649	-3.97128E-05	-0.000143857	2.76173E-05	-0.000586622	-1.45597E-05	0.000292096	0.000594286	0.000417709	0.000272532	0.000722704	0.000294879	-0.000462328	0.000253681	0.000723111	0.00107121	-0.000905838	0.00111334	0.000643733	9.18239E-05	-0.000563484	-0.000530965	0.000922397	-0.00018218	-0.000318288	-0.000656449	0.000187482	-0.000220932	-5.55128E-05	-0.000309586	-0.000197989	0.000936814	0.00110659	-0.000341725	0.000427925	0.000290733	9.95794E-05	0.00029552	-0.000442963	-0.000438731	5.48311E-05	-6.4157E-05	0.000423335	0.00119686	-0.000463664	-0.000916067	0.0006599	0.00042226	0.00062718	0.000839462	-0.000446763	0.000330565	-0.000469831	0.000441703	0.000135386	-0.000231557	-0.000143894	-2.04003E-06	-0.000264261	-0.00026043	0.000433193	0.000149474	-0.000203813	9.07077E-05	-0.000149884	0.000456526	-0.000739911	0.000837061	0.000212246	6.2853E-05	-0.00101217	0.000192704	-0.000287164	0.000551769	-0.000148821	0.000179954	0.000334366	0.000117815	-9.07856E-06	0.000341938	-0.000268397	-0.000389169	0.000138141	-4.86412E-05	-0.000200202	-0.000382032	0.000732753	-0.000318388	0.000157509	0.000554268	-1.29158E-05	0.000142472	0.000790204	-0.000514283	2.99064E-06	-0.000423031	-7.31898E-05	0.000387044	0.000148668	9.06731E-05	-2.62966E-05	0.000431471	0.000592573	0.000371539	-0.000219574	-2.66206E-05	-0.000132823	0.000142695	-0.000662704	-0.000485272	7.3194E-05	-0.000749833	9.07943E-05	-0.000763938	0.000341794	-0.000147673	0.000679875	-0.000781612	-0.000192232	0.000437199	0.000537581	-0.00101733	-0.000387227	0.000223174	0.000288255	-0.000588958	-0.000178949	-0.000118519	-0.000225129	0.000167552	-0.000140212	-2.08222E-05	7.19669E-05	0.00011946	-0.000231023	0.000336589	-0.00022634	0.00136626	7.83079E-05	-0.000686556	0.000457545	0.000291845	-0.000471424	0.00100548	-2.3448E-05	0.000163388	0.000315401	-0.00069492	-0.000552598	0.000968297	-0.000556094	-0.000180471	-0.000297105	-0.00115176	0.000630549	0.00085399	0.000617795	0.000321481	0.000851172	0.000181056	-0.000851381	-0.000714956	-0.000664756	-0.00121005	-0.000551218	-2.21899E-05	-0.000564711	-0.000410822	-0.000470611	0.00106191	0.000266231	-0.00115613	2.05306E-06	-0.000840747	0.000462097	-0.000400246	0.00012732	-0.000653124	-0.000295087	-0.000185349	-0.000485001	-0.000442783	-0.000322801	-0.000443831	0.000357442	0.000955185	0.000361475	-0.000304653	-0.000249091	0.000697361	-0.000116427	-0.000524068	0.000253383	-0.000235372	-0.000592808	-0.000663754	-0.0011567	0.000491525	-0.000772767	
0.000308496	-3.97128E-05	0.00057682	-0.000135433	0.000118331	-0.000356508	6.8952E-05	-0.000205122	-0.000286014	-1.58747E-05	0.000271643	0.000480166	4.0718E-05	0.000423828	0.000132399	0.000110732	-7.74023E-05	-0.000339894	0.000155387	2.77624E-05	3.87963E-05	0.000492108	-2.34773E-05	6.8375E-05	5.15297E-05	0.000220438	0.000155486	0.000137978	0.000251911	0.000159072	-6.56028E-06	-5.16129E-05	6.27808E-05	0.000201526	-1.68338E-07	3.66014E-06	0.000514603	0.000175657	-0.000132919	-0.000386401	0.000175572	7.99077E-05	0.000115826	0.000270721	-6.41379E-05	-0.000313072	0.000126563	8.44143E-05	-1.27894E-08	0.00015086	-0.000177278	-0.000349568	-0.00048613	-6.4627E-05	-8.29197E-05	2.51733E-05	0.00022903	0.00038786	0.000602682	-0.000190135	0.000257529	-4.24197E-05	-4.47687E-05	-9.4055E-06	-7.22552E-05	0.000231609	0.000134957	-0.000251442	9.86608E-05	-0.000278594	-0.000150862	-0.000261258	1.35125E-05	7.94046E-05	0.000113444	-0.000144901	-0.000186424	2.23658E-05	4.57603E-05	4.71424E-05	0.000201199	0.000425393	-0.000253774	-0.000208798	-0.000184567	0.000150625	7.72694E-05	3.25959E-05	-9.78357E-05	-6.96745E-05	-0.000623277	-0.000236846	0.000151048	0.00010492	2.17081E-05	6.7082E-06	-0.000437644	-6.82777E-05	-0.000294875	0.00029095	0.000349458	0.000118284	0.000131686	-6.2488E-05	-0.000404484	-0.000141397	0.00030289	-9.10494E-05	-3.93405E-05	-9.26387E-05	0.000161158	-0.000311186	-0.000231356	0.0001517	0.000243441	0.000382542	-0.000208462	0.000242704	0.000254676	-1.23555E-05	0.00019687	8.73174E-05	-0.000322364	6.64225E-05	-0.000277739	-7.13927E-05	-9.83567E-05	0.000141075	-0.000135897	0.000311623	-0.000165845	0.000161247	-0.000340472	-0.000384229	-0.000484236	0.000248141	-0.000532899	-0.000857634	9.77265E-05	0.000243998	0.000228804	0.000147826	-5.38964E-06	-7.7473E-05	-3.41488E-05	-0.000413255	-0.00017049	0.000670783	-0.000231109	-1.35036E-05	-0.000264114	-0.000264401	0.000236803	8.62241E-05	-0.000117173	-0.000206875	-0.0001938	0.000260565	-1.34407E-06	-0.000177308	2.23496E-06	5.40946E-05	-0.000283844	0.000180584	0.000202567	2.67307E-05	-0.000352035	-0.000168989	5.48337E-05	-2.26385E-05	2.64672E-05	-0.000106179	0.000144376	-3.25843E-05	0.000276963	7.85415E-05	-3.23892E-05	-0.000318884	-2.18315E-05	7.17053E-05	-0.000324593	-2.25005E-05	-0.000214439	0.00052365	-8.43132E-05	-2.18147E-05	9.36174E-05	-0.000168426	0.000105705	-6.23773E-05	-0.000225214	0.000341169	-0.00028848	-0.000498	8.37549E-05	0.000548075	0.000114891	4.54142E-05	2.99368E-05	-0.000139179	
4.17825E-05	-0.000143857	-0.000135433	0.00130433	-0.000455041	2.43462E-05	0.000253093	-0.000176839	0.000145196	0.000368974	-9.02129E-06	0.000239698	-0.000536843	-0.000213599	-0.000715881	0.000231466	-0.00030511	5.93318E-05	0.00054145	0.000165717	0.000245038	1.35601E-05	-1.02192E-05	0.000488348	0.000231437	-6.59582E-05	-5.42191E-05	0.000176145	-0.000272883	-0.000419223	-0.000350612	-9.51481E-05	3.85439E-05	0.000172875	0.000200998	0.000370616	0.000108159	-0.0001315	-0.000416099	-0.000234604	-0.000320172	-0.000122514	-0.000332142	0.000217872	-0.00022128	-9.49232E-05	2.03591E-05	0.000274878	-0.000211703	-8.49594E-05	0.000195705	-0.000198081	0.000176239	4.08699E-05	0.00018173	0.000224211	-6.76209E-05	-0.000329749	-0.000265903	-4.52895E-05	-0.000508258	0.000424859	0.00034763	0.000348501	-0.000664128	0.000149723	0.000346485	-0.000404894	0.000638649	7.02045E-05	-0.000404035	-0.000548927	0.000116475	-0.000111437	0.000571294	0.000107306	-3.2595E-06	0.000243252	0.00014419	-0.000193959	0.000186395	0.000208167	0.000180493	0.000176187	-0.000549349	-0.000192292	-2.14224E-05	3.09465E-05	8.86375E-05	0.000141373	0.000196395	7.89379E-05	-6.45699E-05	0.000195506	-0.000338182	-0.000176813	-0.000185525	-0.000366987	0.000195359	-3.44752E-05	1.31687E-05	0.000119219	0.000176157	-0.000228259	0.00027599	0.000331026	-0.000228297	0.000220841	0.00033305	-0.000229217	1.92387E-05	-3.55205E-05	-6.40651E-05	-0.000358063	-0.000567385	-9.79499E-05	-1.65452E-05	0.000216727	0.000164031	0.000461052	0.000256289	7.10756E-05	0.000432452	0.000447218	-9.15503E-05	-0.000110591	0.000412611	-0.000197373	-0.00011262	-6.00075E-06	-0.000408189	-0.00081609	-7.28693E-06	0.000369044	-0.000122774	6.48492E-05	-2.55771E-06	0.000366701	0.00025387	8.32957E-05	9.9862E-06	-0.000570664	-4.55352E-06	-0.00029497	0.000261163	0.000416442	-0.00011194	-0.000237126	0.000151648	-0.000266881	-0.000487744	0.000140632	0.000244002	0.00015725	-0.000603632	0.0002499	0.000718249	9.9651E-05	-0.000133394	0.000472823	-0.00117641	0.00189654	-0.000493514	3.05063E-06	0.000849255	-0.000103638	0.000372027	0.000132479	0.000539936	-0.000409068	0.000179421	-0.000990447	-7.96678E-05	-0.000517965	0.000645123	4.01067E-05	-0.000364334	0.000546068	-0.000573369	-5.28441E-05	0.000426431	-0.00124799	-0.000357841	0.000686141	0.000330334	0.00045279	4.08813E-05	2.2391E-05	0.000743319	-0.000744705	-0.000564634	5.42544E-05	-0.00116425	-0.00157974	0.00010915	-0.000404936	0.000674561	0.000672339	0.00058106	-0.00113201	
4.31717E-05	2.76173E-05	0.000118331	-0.000455041	0.000669515	-0.000122126	-0.00048894	0.000112685	0.00094939	-0.000296735	0.000241601	-1.80216E-05	0.000323298	-0.000108657	0.000619361	0.000336532	0.000377921	-0.000322546	-0.00013352	0.000248102	6.03306E-05	-0.000258215	-1.76356E-05	-0.000396995	-0.000340953	8.95959E-06	0.000143159	-0.00039515	0.000415571	-1.5599E-05	0.000107623	-0.000390246	0.000135394	-0.000196036	-0.000194582	-0.00039982	-0.000179754	-0.000357057	0.000421612	0.000154508	9.19665E-05	2.51155E-06	0.000510833	-9.53988E-05	0.000565824	-3.97833E-05	0.000193591	2.17395E-05	0.00043523	0.000315154	-0.000601133	-0.000173518	-0.000477479	-0.000671114	4.2781E-05	0.000140679	0.000132802	0.000491421	0.000275359	-7.22405E-05	0.000375596	-0.000308364	-0.000377975	-0.000382121	0.000657317	-0.000308512	0.000389103	-0.000124357	-0.000346406	-0.000433909	0.000170802	-9.40447E-05	-0.00011037	2.75138E-05	-0.000439162	-2.67848E-05	0.000158613	4.29951E-05	-0.000117547	0.000538662	-0.000206602	-2.91657E-05	-0.000166734	-0.000246908	0.0003559	0.000122356	-0.000378207	-3.58485E-05	-2.82828E-05	0.000110731	-0.000668287	-0.000238697	-1.2675E-05	-0.000454249	0.000248037	0.00015391	-3.81676E-05	0.000583968	-0.000132687	0.000480175	0.000221733	2.73162E-05	-0.00012421	1.6465E-05	-0.000379096	-0.000249854	0.000476391	8.09082E-05	-9.89407E-05	-0.00010884	0.000118029	0.000224906	-0.000363633	7.15287E-06	0.000171291	0.000257094	4.79451E-05	1.91842E-05	-0.000156183	-0.00014124	-0.000265081	-5.00619E-06	-0.000590671	-0.000405687	-4.44247E-05	0.000214941	-0.000352808	0.000432382	0.000207525	5.97175E-05	0.000337537	0.000989299	-8.97278E-05	-0.000656755	-1.44914E-05	-0.000346458	-0.000241794	-0.000430734	0.000136879	0.00023377	-0.000180005	0.000506455	0.000294344	5.42359E-05	-0.000248971	-0.000792872	-1.41115E-05	0.000466821	-0.000106188	0.000238784	0.000399617	-0.000226236	-0.000618576	-0.000238699	0.000442097	-0.000216479	-0.000833257	-0.000115315	0.00012147	-0.00071957	0.00141566	-0.00156282	0.000449327	-0.000204161	-0.000231634	0.000232407	-0.000290897	-0.000393155	-0.00026841	-7.25541E-07	0.000321036	0.000854716	-3.44494E-05	0.000237764	-0.0003507	-0.000106265	0.000364114	-0.00074901	0.000547248	2.04851E-05	-0.000730747	0.0011587	0.000180974	-0.000570329	-0.000303649	7.15412E-05	5.42816E-05	-0.000107468	-0.000623193	0.000373776	0.000507842	0.000417451	0.00077187	0.0013888	0.000102659	0.000191192	-0.000554282	-5.54446E-05	-0.000545075	0.00048026	
-0.000184345	-0.000586622	-0.000356508	2.43462E-05	-0.000122126	0.00121216	-0.000103007	0.000202836	-0.000964941	-4.47684E-05	-0.000809627	-0.000665322	-5.80627E-05	0.000569429	-0.000388604	-0.000300241	-0.000758189	0.00104798	-0.00100461	-0.000186357	1.27379E-05	0.00040061	0.000496054	-0.000597603	0.000338668	-3.11224E-05	0.000409148	-0.000213392	-0.000799114	-0.000473065	0.000494419	0.000196798	-0.000405776	-0.000811894	7.06417E-05	-0.000225433	-0.000466187	0.000189411	0.000109221	0.000318632	0.000387338	1.32919E-05	-0.000183572	-0.000674183	-0.000892822	0.000498255	0.00041453	7.17414E-05	-0.000547591	-0.000847768	0.000651781	0.000245807	0.000104082	0.000486662	-0.000292555	-1.61421E-05	-6.19877E-05	-0.000568612	-0.000547878	0.000154676	-0.000100302	0.000288189	8.4641E-05	8.17354E-05	-0.000316913	0.000289342	-0.00051415	0.000721557	-0.000345981	0.00016831	0.000648796	0.000806859	0.000245493	0.000300618	-0.000127699	3.21487E-05	-0.000244768	-0.000529688	5.66135E-05	-0.000125949	-0.000143723	-0.000334762	0.000512229	0.00013806	-0.000318892	-7.03845E-05	0.000217327	-0.000568518	0.000250287	0.000137359	0.000331685	-7.69604E-05	-0.000251918	-0.0007221	6.39446E-05	0.000343517	0.000604136	-0.000257616	-0.000314665	-0.000342734	-0.000130587	-7.15479E-05	-0.000341629	3.18854E-05	5.39112E-05	0.000464177	-0.000459779	-0.000194561	-0.000264713	0.000515838	-0.000312089	0.000279293	0.000738912	7.32366E-05	0.000499395	-0.000681887	0.000119837	-0.00060952	0.000209585	0.000230549	-0.000405713	-0.000412381	0.000402799	0.000155527	0.000204408	9.93239E-05	0.000758061	-0.000460186	-0.000283306	-9.89028E-05	5.7131E-05	-0.000159632	-8.7004E-06	0.000348075	0.000522384	-0.000335096	-6.93541E-05	0.00108805	-0.000901269	9.6855E-06	0.000220773	-0.000652779	6.83734E-05	0.000279162	-0.000852415	0.000643757	-3.11231E-05	-0.000362586	0.000637224	0.000691982	-0.000790244	0.00039665	-0.000127239	6.33401E-05	0.000340068	8.18766E-05	-0.000197745	-6.25249E-05	-0.000150639	-0.000321322	-0.000133205	0.000730126	0.000241549	0.000482126	0.000131101	0.00059158	0.000323019	0.000495309	-0.000190485	0.000229584	-0.000675105	0.00030456	0.000565884	-0.00024368	-3.50408E-05	-0.000195454	0.000249728	0.00037476	0.000110919	0.000406332	0.000342195	5.79679E-05	0.000853853	-0.000694468	0.000423384	-0.000660114	-0.000214976	0.000145397	5.07184E-05	0.000136151	-0.000177058	-0.000110365	0.00010475	0.00014667	-5.17809E-06	0.000490203	5.1813E-05	0.000152223	-0.000582027	0.000646738	
0.000168912	-1.45597E-05	6.8952E-05	0.000253093	-0.00048894	-0.000103007	0.00063715	-0.000201668	-0.000859908	0.000137351	8.38624E-05	0.000349956	-0.000253995	0.000123574	-0.0006636	-0.000270106	-0.000160235	6.64978E-05	0.000324841	-0.000232562	-0.000105056	0.000544658	-3.31875E-05	0.000432089	0.000324518	-1.69693E-05	-0.000213718	0.000511469	-8.83751E-05	0.00013275	-0.00016234	0.000236354	-0.000237346	0.00035367	0.000266991	0.000326289	0.000364548	0.000424935	-0.000433666	-0.000353326	-0.00016958	-6.48612E-05	-0.000283644	0.000359296	-0.000409141	-5.33439E-05	-0.000331883	-0.000139693	-0.000375106	-0.000172325	0.000386762	0.00013288	0.000374961	0.000574688	-7.05399E-05	-0.000154397	-2.55455E-05	-0.000342819	-7.70309E-05	-2.65524E-05	-0.000409522	0.000308617	0.00032863	0.000447467	-0.000577878	0.000359308	-0.00037272	-8.29616E-05	0.000388207	0.000398022	-0.000307817	-0.000114924	3.74892E-05	-8.61557E-05	0.000501507	-2.89403E-05	-0.000228921	-0.000105178	8.1629E-05	-0.000460266	0.000148897	0.00011101	3.40186E-05	-1.56966E-05	-0.000332472	-0.000157743	0.000425812	0.000132789	2.18871E-05	-0.000204411	0.000308831	0.000170647	0.000166435	0.000625886	-0.000233061	-0.000195824	-0.000201579	-0.000487091	0.000213327	-0.000238413	-3.45375E-05	-4.04148E-05	0.000214881	-1.64865E-05	0.000267491	0.000166606	-0.000174541	4.02587E-06	0.000170954	1.81897E-05	0.000137786	-0.000404829	0.000114249	0.000156933	-0.000259707	-7.32167E-05	-1.70101E-05	0.000279391	0.000145755	4.62911E-05	0.000377246	4.50511E-05	0.000538157	0.000406658	-0.000124947	-0.000273298	0.000205932	-0.000235774	-3.81191E-05	0.000141396	-0.000449076	-0.000780541	-4.56521E-06	0.000475532	-0.000135652	0.000629724	0.000101816	-4.46162E-05	-6.45047E-05	-4.67379E-05	0.000333904	-0.000323331	-0.000345955	-0.000148816	0.000241274	0.000449978	-6.05608E-05	-0.000188373	-0.00014205	-0.00036078	-0.00022849	5.92393E-05	0.000766559	0.000179594	-0.000420692	1.97751E-05	0.000596251	0.000201219	-2.75362E-05	0.0005371	-0.0013428	0.0013218	-0.000834115	0.000454756	0.000304411	-0.000261393	1.12696E-05	0.000215537	0.000209716	-0.000124346	-1.69862E-07	-0.00103921	0.000139769	-0.000261478	0.000492053	0.000335791	-0.000346399	0.000424528	-0.00046967	-0.000326558	0.000614932	-0.00101661	-0.000445021	0.000867773	0.000124648	-1.79587E-05	-0.000148035	-1.06866E-05	0.000746307	-0.00029216	-0.00049628	-0.000413405	-0.000923033	-0.00166659	-0.000310578	3.56179E-05	0.000678888	0.000240894	0.000741884	-0.000570639	
-5.0089E-05	0.000292096	-0.000205122	-0.000176839	0.000112685	0.000202836	-0.000201668	0.000470816	0.000201266	6.71986E-05	-0.000227727	5.13471E-05	0.000254029	-0.000286359	6.95859E-05	9.9963E-05	0.000335398	-0.000101212	-4.02732E-05	0.000210396	-3.50539E-05	-0.000358673	-0.000133847	0.000112931	-9.73391E-05	-0.000235775	3.80598E-06	-0.000120775	-0.000275812	-0.000228015	0.000109266	-6.49981E-05	0.000241358	1.36893E-05	-0.000145416	-2.30873E-05	-0.000135528	1.15489E-05	0.000230624	9.63862E-05	-0.000193105	8.73055E-05	1.66755E-05	-0.000110114	0.000330556	9.91985E-05	-0.000184935	0.000236635	5.62163E-05	7.63654E-05	0.000222694	-8.68149E-05	0.000191256	-3.53139E-05	9.95564E-05	-0.000106801	-0.000116252	-0.000202153	-0.000128242	-4.82313E-05	3.86908E-05	0.000205189	1.67836E-05	-9.57543E-05	0.000167288	-7.97735E-05	-8.98986E-06	-5.9855E-08	2.8431E-05	3.82097E-05	0.000265174	-7.98112E-05	9.4785E-05	8.11026E-05	0.000192552	-4.15317E-06	-2.78048E-05	4.18165E-05	2.82221E-05	2.79031E-05	3.54058E-06	-0.000290771	-2.50321E-05	6.18787E-05	-2.28668E-06	-5.60644E-05	-0.000178969	8.35207E-05	-8.60808E-05	7.70482E-05	0.000341751	-3.03595E-05	-9.03695E-05	-5.66375E-05	-7.17939E-05	0.000122901	0.000102337	-1.97744E-05	0.000158612	-0.000141647	-7.68328E-05	-0.000111637	-8.9156E-05	0.000312387	-4.96385E-05	-7.056E-05	-8.51348E-05	-7.06364E-05	-0.000113101	-6.00113E-05	-0.000235648	0.000291073	2.26972E-05	7.63523E-05	-0.000114903	-1.85141E-05	-5.14132E-05	-3.22944E-06	-0.000303758	9.27309E-06	-0.00014222	3.7192E-05	-0.000405014	-0.000230643	0.000124072	0.00031342	-5.24223E-05	-0.000201427	-2.06008E-05	-0.000216172	0.000211697	0.0001452	2.94972E-05	7.75011E-05	0.000242646	-0.000387175	0.000207045	0.000323814	0.000197469	4.34378E-05	-0.000436704	0.000123025	0.000198458	-5.2979E-06	0.000155158	6.24659E-05	0.000141325	5.30972E-05	-3.70853E-05	8.60226E-05	0.000356342	-0.00021257	-0.00018654	-0.00024661	-0.000227671	0.000184143	5.96952E-05	0.000115645	8.52189E-05	0.000145859	0.00067528	-0.000976528	2.65748E-05	-8.69773E-05	-0.000941973	0.000339229	0.000282942	-1.90739E-05	-0.00029995	9.86031E-05	0.000417897	0.000659884	-0.000352211	-5.12851E-05	-0.000548106	-4.23349E-06	0.000205169	-2.78984E-05	0.000122764	4.07572E-05	-0.000429287	0.000380087	0.000240169	-0.0010083	-0.000107193	-0.000328102	0.000418252	0.000454809	-0.000574087	0.000200773	0.000327696	-9.48107E-05	0.0002126	0.000751304	-3.24329E-05	-5.11981E-05	-0.000546953	-0.000561359	-0.000108392	0.000215249	
-8.36466E-05	0.000594286	-0.000286014	0.000145196	0.00094939	-0.000964941	-0.000859908	0.000201266	0.00397888	-0.000283281	0.00107992	0.00015227	0.000465273	-0.00218478	0.000938159	0.000775385	0.00131709	-0.00162851	0.000402861	0.000709006	0.000299217	-0.0016079	-0.000646099	-1.7901E-05	-0.00126787	-0.000624629	-1.28649E-05	-0.000527287	0.0014937	-0.000163287	-0.000302534	-0.00078472	0.000186117	-0.000137737	-0.000242982	-0.000927059	-0.000721707	-0.00108597	0.00026041	0.000374285	-0.0011624	-0.000112476	0.00069539	0.000468774	0.0021592	0.000189604	-9.59001E-05	-0.000228485	0.00123086	0.00118018	-0.002145	8.01339E-05	0.000211259	-0.00136457	0.000495019	1.528E-05	-6.13867E-05	0.000939677	0.000356034	7.28898E-05	6.68837E-05	-0.000843766	-0.000469956	-0.000226128	0.00139528	-0.00144618	0.00103187	-0.000789646	-0.000262349	-0.000850226	-0.000380082	-0.000497075	-0.000806533	-0.000349503	-0.000464357	0.00046115	0.000638162	0.000598373	-0.000568623	0.000841913	-0.000674604	-7.47508E-05	-0.00039333	-0.000295947	0.00139458	-1.60265E-05	-0.000930006	0.000255763	0.000118262	-4.79798E-05	-0.000682217	6.54117E-06	-7.63878E-05	-0.000466542	0.000434418	-0.000377382	0.000274917	0.00152603	0.000817517	0.000517831	-0.00028346	-0.000100618	-0.000394055	-1.51476E-05	-0.000263208	-0.000761	0.000988389	0.00110614	-5.34708E-05	-0.000611777	0.000925175	0.000672692	-0.00061264	-0.000330446	-0.000994768	0.000478632	0.000178069	0.000536567	-0.000864511	-0.000240587	-0.000464041	0.00012973	-0.000779403	-0.000687451	-0.000274137	0.000396066	-0.00105014	0.00114533	0.00109559	-0.000253155	0.000689369	0.00170048	0.000335802	-0.000813226	-0.000174905	-0.000446505	0.000375112	-0.00051542	0.000971825	0.00010779	-0.000854911	0.000966679	0.000312905	-1.19447E-05	0.000602219	-0.00168172	0.000354174	0.000149545	-0.000289553	-0.000614682	0.00199584	-0.000259561	-0.00103417	-0.000551969	0.0005338	-0.00067047	-0.000692604	-0.000625748	0.000215801	-0.0007244	0.00260409	-0.00312702	0.000717963	-0.000716182	-0.000238044	0.000262293	-3.31383E-05	-0.000851084	-0.000127995	-0.000548528	0.00129394	0.000934066	-0.00073819	0.000231106	0.000238627	-0.000296626	0.000575058	-0.00149186	0.00129173	-0.000618646	-0.00124237	0.0018086	-0.000190113	-0.000915937	-0.000334574	0.00127085	-0.000487137	-0.000190678	-0.00120363	0.000304152	0.00124894	0.000330759	0.000965179	0.00206996	0.000159101	-0.000650137	-0.000720558	0.000489915	-0.000184534	-0.000142653	
-1.12967E-05	0.000417709	-1.58747E-05	0.000368974	-0.000296735	-4.47684E-05	0.000137351	6.71986E-05	-0.000283281	0.000601704	-0.000157988	0.000338075	-7.71082E-05	7.85878E-05	-0.000255899	0.000569629	0.000205715	-0.00025392	0.000646201	0.000409564	0.000189282	2.07179E-05	-0.000169776	0.0006514	0.000218331	-0.000151568	-0.000312706	0.00026149	-0.000652467	-0.000337697	-0.000139694	2.38182E-05	0.00059135	0.000700988	-0.00017433	0.000454331	0.000317798	0.000313904	-6.52198E-05	-0.000546259	-0.000166598	8.70845E-05	-0.000393741	0.000142273	0.000281172	-0.000265614	-0.000526683	0.000742286	-5.22043E-05	1.22134E-05	0.00119445	-0.000380765	0.000254429	9.51719E-06	0.000216991	0.000216399	-0.000200218	-0.000373981	-0.000127168	-0.000149822	-0.000456936	0.000613532	0.000362235	5.70345E-05	-0.000454438	0.000218865	0.000267133	-0.000380778	0.000753158	0.000239771	0.000225317	-0.000578987	0.000361157	-8.58505E-05	0.000628173	-0.000117231	-4.26471E-05	6.12875E-05	0.000188434	-0.000222816	0.000420459	-8.87986E-05	3.04064E-05	0.000246821	-0.000465284	-0.000279663	-9.41075E-05	0.000324596	-0.000148982	0.000209849	0.000568855	-3.25834E-05	-1.54439E-05	0.00040992	-0.000567227	6.50069E-05	-0.000109893	-0.000411728	7.7188E-05	6.38735E-06	5.82619E-05	5.22888E-05	0.000279329	0.000445426	0.000280574	0.000206762	-0.000327231	-0.000171604	6.55978E-05	-0.000364923	-0.000507825	2.70144E-05	-0.000175412	-4.19457E-05	-0.000449988	-2.81438E-06	-0.000120446	0.000419786	-0.000323916	0.000144076	0.000389999	0.000311624	-0.000427908	3.48915E-05	0.000216098	0.000130391	6.30363E-05	-0.000475374	-0.000378901	-0.000106271	-0.00010336	-0.000596657	-0.00017644	0.000316686	5.27193E-05	-0.000103256	2.18618E-06	0.000250193	0.00072443	6.16242E-05	-0.000250339	-0.000249597	0.000164871	-0.000357806	0.00045086	0.000489476	3.9442E-05	9.47772E-05	-0.000240577	-0.000261016	-1.5953E-05	-0.000142452	8.70446E-05	1.22506E-05	-0.00109252	0.00063537	0.000957158	0.000563251	5.51843E-05	0.000762158	-0.00053417	0.00068012	-0.00068878	-0.000344335	-0.000558265	-0.000315895	0.00010532	-0.000205368	-0.00019911	-0.000441267	0.000366221	-0.000145619	-0.000622654	-0.000305331	-0.00036659	0.000406756	-0.000450567	0.000525604	-0.000845507	-1.1947E-05	0.000243456	-0.0012117	-2.90937E-05	2.55384E-05	4.39555E-05	0.000175374	0.000572871	0.000239093	0.000280316	-0.000560301	0.000257016	-0.000107575	-0.00101001	-0.000571982	-8.28384E-05	-0.000181716	-0.000195302	-0.00074811	0.000267351	-0.000749651	
0.000289885	0.000272532	0.000271643	-9.02129E-06	0.000241601	-0.000809627	8.38624E-05	-0.000227727	0.00107992	-0.000157988	0.000874757	0.000535004	8.4209E-05	-0.000605599	0.000180434	0.000134218	0.000517472	-0.000901346	0.000533141	6.20633E-05	5.35147E-05	-8.928E-05	-0.000329706	0.000274483	-0.000364826	-5.34365E-05	-0.000158394	0.000155226	0.000951833	0.000265404	-0.00032867	-0.000264089	-6.80857E-05	0.00033148	6.54669E-05	-0.000156572	0.000199706	-0.000131922	-0.000186865	-0.000176162	-0.000450089	-0.000124301	0.000330787	0.000575812	0.000720404	-0.000169259	-0.000159452	-0.000313551	0.000387934	0.000631365	-0.000943147	-6.83624E-05	-2.96513E-05	-0.000352969	0.000138742	-7.74309E-05	0.000133753	0.000491165	0.000524695	-0.000116956	-1.92463E-06	-0.000308926	-0.000164669	7.07296E-05	0.000314602	-0.000289782	0.000334056	-0.00056219	8.85427E-05	-0.000213589	-0.000546981	-0.000471634	-0.000387302	-0.000203657	1.47951E-05	8.0437E-05	8.75781E-05	0.000224049	-0.000171727	0.000154208	-9.21625E-05	0.000296244	-0.000368613	-0.000317342	0.00035121	7.74837E-05	-0.000102093	0.000284398	-1.9005E-05	-0.000235409	-0.000528692	-4.20177E-06	0.000218756	0.00034739	0.00011948	-0.000312066	-0.000369745	0.000421387	0.000330309	0.000341005	0.000135165	2.1611E-05	9.78311E-05	-0.000104872	-0.000119304	-0.000358105	0.000585414	0.000411001	0.000157512	-0.00034394	0.000641146	-0.000246378	-0.000540757	3.9172E-05	-0.000432085	0.000479284	-1.81809E-05	0.000529683	-0.000116504	-0.000171824	0.000169085	0.000152851	-0.000177937	-6.72311E-05	-0.000359013	-0.000130268	-0.0005153	0.000623212	0.000428556	0.000149561	-7.03526E-05	0.000444985	1.4024E-05	-0.000340973	-0.0004585	0.000424225	8.32077E-06	-0.000908797	0.000431654	0.000159259	8.38486E-06	0.000445252	-9.48753E-05	-0.000126614	0.000449038	-0.000797127	-7.35953E-07	0.000354817	-0.000451106	-0.000544107	0.000668994	-0.000252505	0.000183602	-0.000101072	3.62726E-05	-0.00042054	-0.000197232	-3.87839E-05	9.47285E-05	-0.000157106	0.000235718	-0.000567708	-0.000301168	4.8216E-05	0.000363491	-0.000246165	-0.00037719	-0.00038271	0.000136819	-0.000346225	0.000545527	-0.000394867	-0.000110132	6.6507E-05	0.000560556	0.000135294	-6.66533E-05	-0.000651049	0.000229275	-0.000529452	-0.00022414	0.00018375	-0.000671012	0.000703448	-0.000219428	0.000641877	-0.000326762	-0.000349731	5.9384E-05	-2.24421E-05	9.77057E-05	7.1254E-05	-0.000136075	-0.00035741	-0.00012337	-2.87718E-05	0.000233341	0.000464113	0.000415032	-0.000473019	
0.000615434	0.000722704	0.000480166	0.000239698	-1.80216E-05	-0.000665322	0.000349956	5.13471E-05	0.00015227	0.000338075	0.000535004	0.00222525	6.95967E-05	1.01861E-05	-0.00038052	0.000716316	0.00100621	-0.00112974	0.00144471	0.000954675	0.000126374	0.000376319	-0.000549558	0.00113046	-2.21963E-05	-0.000127978	-0.000366187	0.000501014	-0.000134772	-0.000142545	-0.000450473	-0.000388311	0.00074016	0.0013236	6.54404E-05	0.000345465	0.000974729	0.00015863	0.000258037	-0.000977085	-0.000320702	7.38512E-05	0.000167513	0.00115446	0.000811179	-0.000757619	-0.000783171	0.000632225	0.000133068	0.00051559	0.000505917	-0.000725288	-0.000100774	-0.00074642	0.00038778	0.000186822	8.50077E-05	1.13668E-05	0.000201335	-0.000510492	-0.000268089	0.000833268	0.000423051	0.000327671	-0.000592033	0.000358711	0.000402726	-0.00122141	0.00154566	2.14478E-05	-0.000472365	-0.0017733	0.000291119	-0.000263174	0.00105248	-0.000341472	-0.000257853	0.000261127	0.000375477	-4.71636E-05	0.000350263	8.55418E-05	-0.000839685	-0.000315657	-0.000875333	-0.000353668	-0.000198049	0.000692786	-0.000442413	0.000151349	-0.000568766	-0.000395969	0.000478624	0.000934831	-0.000673201	-0.000137865	-0.00150416	-0.000466582	0.000199688	0.00077172	0.000809981	-7.69787E-06	0.000545099	0.000248232	5.58965E-05	-0.000278989	0.000415794	-3.7081E-05	0.000362789	-0.000766378	-3.59057E-05	-0.000588113	-0.000959471	0.000341938	-0.00088992	0.000833084	-0.000355045	0.00115727	-0.000540034	-7.11331E-05	0.00076853	0.00040271	-0.00117262	-0.000148178	-0.000392201	4.02525E-06	-0.000503979	-0.00027532	-0.000120763	0.000422702	-0.000498671	-0.000372085	-0.000470346	-5.97715E-05	-0.000167519	0.000239165	-0.000338748	-0.0012799	0.00134938	0.000778977	-0.000191752	0.000199591	0.000175933	-0.000784321	0.000762158	-0.000454823	-0.000218049	0.00115273	-0.000909314	-0.000676996	0.000332851	-0.000917528	0.000509605	-0.000107118	-0.00153872	0.000481256	0.000453469	0.00132772	0.000431981	0.000408972	-0.000553272	0.000298327	-0.0020571	0.000310959	1.71759E-05	2.96863E-05	-0.000246181	-0.000505311	-0.000156107	-0.000466398	0.00176566	-0.000572626	-0.000508992	-0.000766766	0.000116298	0.000788551	-0.000542427	-2.39678E-05	-0.000692312	-0.000756574	-0.000569827	-0.000262535	-0.00131697	0.000636542	-0.000711102	5.75008E-05	0.00117677	0.000218294	0.000376137	3.04887E-05	-0.000187624	0.00056069	-0.00191119	-0.00201463	-0.000541944	0.00014397	0.000458581	0.000211765	0.00147895	-0.00161793	
-4.02259E-05	0.000294879	4.0718E-05	-0.000536843	0.000323298	-5.80627E-05	-0.000253995	0.000254029	0.000465273	-7.71082E-05	8.4209E-05	6.95967E-05	0.000477783	-0.000340473	0.0003741	0.000296171	0.000398215	-0.000389572	-0.000111114	0.000267186	1.99535E-05	-0.000199284	-0.000112308	-3.30027E-05	-0.000267325	-0.000304313	2.161E-05	-9.54829E-05	8.28493E-05	-5.79689E-05	0.00023947	-0.000134471	0.000142455	-1.0065E-05	-0.000221174	-0.000359467	-0.000111518	7.55902E-05	0.000216567	-8.8253E-05	-0.000221491	0.000116442	0.000123522	8.64957E-05	0.000582896	4.33784E-05	-0.00020193	0.000174548	0.000213842	0.000170272	1.78558E-06	-5.61303E-05	0.000147358	-9.90353E-05	-2.54189E-06	-5.77341E-05	-2.29384E-05	0.000136588	0.000134972	-5.5457E-05	6.5414E-05	-0.000119101	-8.88113E-05	-0.000142043	0.000411439	-0.000256577	-1.96568E-05	-5.08314E-05	-9.12983E-05	-0.000170201	0.00028425	8.41774E-05	-9.28544E-05	2.92579E-05	2.73188E-05	4.71484E-05	1.42349E-06	-9.74633E-05	-0.000187067	0.000115636	-0.000120746	-0.000170822	-0.000133053	-0.000106624	0.000426778	2.29596E-06	-0.000143552	4.56513E-05	2.36841E-05	-8.09313E-05	-4.06238E-05	-9.7288E-05	-3.71388E-06	-0.000132193	8.27752E-05	8.10631E-05	0.000230011	0.000347985	9.54617E-05	-4.61882E-05	-8.02122E-05	-0.000104583	-0.000127168	0.000289885	-0.000176011	-0.00022836	0.000162098	7.80581E-05	-0.000334665	-7.00632E-05	8.72001E-06	0.000277213	1.17196E-05	0.000294599	-1.18601E-05	-2.94835E-05	-6.59157E-05	0.000195563	-0.000390118	-0.000205985	-0.000155216	5.68659E-05	-0.000543989	-0.000253058	1.42627E-05	0.000318213	-0.000223813	3.9943E-05	0.000130017	-5.94402E-05	0.000339334	0.000618468	-8.07299E-05	-0.000238726	8.50889E-05	-0.000172507	-1.73674E-05	-0.00012273	0.000249328	1.29561E-05	-0.000237598	0.000353278	0.000113401	4.71148E-05	6.17357E-05	-0.000424422	0.000171164	0.000250878	-0.000164807	1.7283E-05	0.000609836	-0.000170049	-0.0003428	-0.000258384	2.60276E-05	-0.000203129	-7.18605E-05	3.29471E-05	0.000134931	-0.000108717	0.00106199	-0.00153231	5.64635E-05	-5.80053E-05	-0.00093968	0.000197781	-6.10003E-05	-0.000241957	-0.000515413	-7.31961E-06	0.000269863	0.000764499	-0.000314704	0.000145395	-0.000354838	1.25879E-05	0.000307076	-0.000484393	0.000373651	2.20603E-05	-0.000476667	0.000674643	0.000430287	-0.000816075	-9.5511E-05	-7.94996E-05	8.54483E-05	0.000213843	-0.000702681	0.000217893	0.000654127	-5.98206E-05	0.000394065	0.00107522	-7.38128E-05	0.000242474	-0.000662212	-0.000641056	-0.000355928	0.00041797	
0.000124186	-0.000462328	0.000423828	-0.000213599	-0.000108657	0.000569429	0.000123574	-0.000286359	-0.00218478	7.85878E-05	-0.000605599	1.01861E-05	-0.000340473	0.00216212	-1.2331E-05	-4.54465E-05	-0.000698058	0.00100974	-2.10941E-05	-0.000165462	-2.22611E-05	0.00098279	0.000530568	-0.000297551	0.000784266	0.00085587	-6.79867E-06	-6.87165E-05	-0.00094054	8.94057E-05	5.42503E-05	0.000125449	0.000376821	0.000229515	-3.40276E-05	0.000682119	0.000585537	0.000270882	0.000422845	-0.000208024	0.00142885	4.54949E-05	1.96696E-05	-0.000540045	-0.00119672	-0.000529386	0.000402363	0.00044576	-0.000421672	-0.00053689	0.00137893	-0.000546586	-0.00114637	-0.000132928	-0.000174304	0.00049803	0.000224335	-0.000167269	-3.76352E-05	-0.000212416	0.000424351	0.000511258	-2.71431E-05	-0.000397764	-0.000670124	0.000969844	7.25804E-05	0.000243046	0.000181977	0.000207525	0.000412037	-0.000236582	0.000761051	0.000221348	-0.000251661	-0.000592535	-0.000178895	-0.000230574	0.000591214	5.59123E-05	0.000566265	0.000164852	6.71587E-05	8.35617E-05	-0.00119921	0.000146743	0.000143559	-0.000117555	-0.00027912	0.000496035	-0.000351007	-0.000392187	5.60728E-05	-4.71696E-05	-0.000282438	0.000531445	-0.000746217	-0.000775633	-0.00108545	0.000551038	0.000808196	0.000330399	0.000477513	-0.000113377	3.2602E-06	0.00046719	-0.000317257	-0.00100122	0.000279059	0.000160444	-0.000932213	-0.000484116	-0.00037289	-7.25E-05	0.000959935	0.000123861	-9.75975E-05	-0.000445695	0.000626987	0.000173296	0.000323263	2.63468E-05	-0.000203428	6.00157E-05	0.000303342	-0.000284611	0.000397696	-0.000453157	-0.000934883	0.000319303	-0.000328352	-0.000614772	-0.00041455	-0.000141523	0.000100151	-0.000186543	-0.000735374	-0.000210564	-0.00030886	0.000339048	0.000503761	-0.000341894	0.00027583	-0.000152392	-0.000732992	0.000621976	-0.000535309	0.00054002	9.43321E-05	0.000794591	-0.00160319	-8.15322E-05	4.89958E-05	0.0003305	-0.00025254	0.000797474	-0.000290506	0.000650744	-2.14249E-05	-0.000174523	-0.00118456	0.00197314	-0.00019033	-3.32581E-05	0.000724954	-0.000291826	-0.000429245	0.000132268	7.24692E-05	0.000234519	-0.000688658	-0.000188631	0.000510807	-4.48824E-06	-0.000652928	0.000192486	-0.000507104	0.000759858	-0.00104756	0.000579158	0.000391038	-0.000727624	-0.000126158	0.00082275	-0.000203423	-0.00065412	0.000830509	-0.000234329	0.000764381	-0.000117547	-0.00068888	0.00061868	-0.000392819	-0.000697935	0.000131125	0.000357046	0.000252874	-0.000145333	-0.000250887	3.04769E-05	
-0.000175398	0.000253681	0.000132399	-0.000715881	0.000619361	-0.000388604	-0.0006636	6.95859E-05	0.000938159	-0.000255899	0.000180434	-0.00038052	0.0003741	-1.2331E-05	0.00120934	0.000234519	0.000390938	-0.000278007	-0.000138661	9.60151E-05	9.09827E-06	-0.000740409	-8.17363E-05	-0.000447538	-0.000434324	0.000210598	1.56377E-05	-0.000542872	0.000456238	0.000351788	4.55023E-05	-0.000224978	0.000395535	-6.9844E-05	-0.000385064	-0.0002093	-0.000192982	-0.000467561	0.000539244	0.000382224	0.000329881	8.89846E-05	0.000413447	-0.000338776	0.000642201	-0.00019497	0.000266162	-2.8228E-05	0.000633342	0.000511809	-0.000630403	-0.000191602	-0.000572888	-0.000756147	0.000110986	0.000157021	8.41025E-05	0.000689181	0.000426775	-1.11371E-06	0.000711569	-0.000683929	-0.000542958	-0.000726556	0.000928705	-0.000468561	0.000495672	4.24128E-05	-0.000568348	-0.000461194	0.00018258	8.81961E-05	-0.000125209	-7.34318E-06	-0.000805824	-0.000103775	0.0004202	0.000259279	-0.000104714	0.000595204	-6.54049E-05	5.21975E-06	-0.000259361	3.40053E-06	0.000630485	0.000348581	-0.00047321	6.79449E-05	-0.00018088	0.000160751	-0.000459547	-0.000128566	-6.74688E-05	-0.00039151	0.000332076	0.00016334	2.86884E-06	0.000703868	-0.000323655	0.000354314	7.85361E-05	0.000106401	-4.28088E-05	4.46522E-06	-0.00027323	-0.000411922	0.000344173	-0.00013874	-0.000134428	-8.96653E-05	-0.000162114	0.000276671	-0.000433191	-0.000169687	0.000429092	0.000363417	-1.25249E-05	-0.000291113	-0.000164491	-0.000292824	-0.000279182	5.61287E-05	-0.000754465	-0.000615875	0.000182094	0.000129602	-0.000650107	0.000499581	5.69205E-05	-0.000131161	0.000559289	0.000980483	6.40721E-05	-0.000765416	-5.28008E-05	-0.000528758	-5.70763E-05	-0.000480825	0.000246325	-0.0001058	-0.000360458	0.000763456	0.000332483	0.000175025	-2.61195E-05	-0.000721881	3.76701E-05	0.000295683	-7.99211E-05	0.000259254	0.00053042	-0.000162848	-0.000856588	-0.000172557	0.000598007	-5.55764E-05	-0.00074494	-0.000289883	5.49352E-05	-0.000512196	0.00151942	-0.00191691	0.00116142	-0.000871015	-0.000486731	-0.000222787	-0.000334591	-0.000364086	-0.000225563	0.000271755	-0.000160561	0.00122953	-0.000334259	0.000741741	-0.000789677	-0.000381438	0.000236004	-0.000571462	0.000451493	0.000329126	-0.000639173	0.00123299	0.00027953	-0.000581993	-0.000341273	0.00022681	0.000222653	-0.000205956	-0.000920946	0.000462155	0.000641251	0.000494077	0.00147712	0.00227589	0.000400426	-0.000258237	-0.00090894	-0.000615302	-0.000854462	0.000791312	
-0.000104944	0.000723111	0.000110732	0.000231466	0.000336532	-0.000300241	-0.000270106	9.9963E-05	0.000775385	0.000569629	0.000134218	0.000716316	0.000296171	-4.54465E-05	0.000234519	0.00198536	0.000947183	-0.000705229	0.00142797	0.00135668	0.000488076	-0.000282091	-0.000159881	0.00076978	0.000100286	-0.000477611	-0.000675429	-3.67436E-05	-0.000775721	-0.000693354	-0.000136905	-0.000796383	0.00131875	0.00121227	-0.000584902	0.000353771	0.000347413	-3.90222E-05	0.00061304	-0.0010868	-0.000238438	7.67656E-05	-2.28813E-05	0.000406738	0.00131066	-0.000774044	-0.000923487	0.00163164	0.000520444	0.000370357	0.00177199	-0.000988873	-5.28971E-05	-0.000995944	0.000478983	0.000970212	-0.000158444	-0.000126975	-0.000286178	-0.000431827	-0.000720744	0.000751498	0.000270419	-0.000431761	-1.97585E-05	-3.11462E-05	0.00111043	-0.0010727	0.00127039	-6.58735E-05	0.000473235	-0.0014564	0.00055924	-0.000320448	0.000775603	-0.000212472	0.000314991	0.000115344	0.000116288	0.000371799	0.000365671	-0.000288353	-0.000128603	2.81551E-05	-0.000282824	-0.000519425	-0.000746532	0.00062009	-0.000159609	0.000553373	1.19555E-06	-0.00033181	1.9096E-05	0.000317734	-0.000878854	0.000326439	-0.000298169	0.000194243	5.85999E-05	0.000726472	0.000476541	0.000169336	0.000621152	0.00063389	0.000283615	0.000197375	3.99011E-06	-0.000112363	2.29777E-05	-0.000950587	-0.000863714	0.00052231	-0.0010178	6.28458E-05	-0.000820772	2.86996E-05	-6.31641E-05	0.00108168	-0.000966256	2.36831E-05	0.00050914	0.000653804	-0.00136965	-0.000285631	0.000421908	0.000580125	-0.000236584	-0.000383805	-0.000314576	4.4356E-05	0.000189465	0.000180864	-0.000503898	-0.000359626	0.000285365	-0.000554178	-0.000400225	-8.85649E-05	0.00178653	0.000354926	-0.000544298	0.000251913	0.000666765	-0.000817819	0.000469349	-0.000267734	6.15573E-06	0.000656708	-0.000616972	-0.00017972	0.000527881	-0.00041527	-0.0010765	-0.000352178	-0.00147008	0.000848834	0.000992843	0.000759515	0.000346727	0.000569433	0.000591454	-0.000542648	-0.000896806	-0.00105745	-0.00126366	-0.000637571	-0.000272058	-0.000952698	-0.000744422	-0.000949242	0.00118573	0.00053559	-0.00137439	-0.000143198	-0.00124539	0.000731836	-0.000466091	1.40609E-06	-0.00114583	3.05566E-05	-0.000218998	-0.000947666	0.000344414	-0.00043659	-0.000271183	0.000651682	0.00118061	0.000422289	-0.000162873	-0.000850433	0.00132648	0.000205273	-0.000990391	0.000803867	-0.000193527	-0.000466824	-0.00113025	-0.00157087	-0.000172008	-0.000968126	
